えっ嘘でしょ。
sil	e	cl	u	s	o	d	e	sh	o	sil
0	0	1	0	0	0	0	0	0	0	0
0	0	1	0	0	0	0	0	0	0	0
0	1	0	0	0	0	0	0	0	0	0
0	0	0	0	0	0	0	0	1	1	0
シュヴァイツァーは見習うべき人間です。
sil	sh	u	v	a	i	ts	a	a	w	a	m	i	n	a	r	a	u	b	e	k	i	n	i	N	g	e	N	d	e	s	u	sil
0	0	0	1	1	0	0	0	0	0	0	0	0	1	1	0	0	0	0	0	0	0	0	0	1	0	0	0	0	0	0	0	0
0	0	0	0	0	0	0	0	0	1	1	0	0	0	0	1	1	0	0	0	0	0	0	0	0	0	0	0	1	1	0	0	0
0	1	1	0	0	0	0	0	0	0	0	1	1	0	0	0	0	0	0	0	0	0	1	1	0	0	0	0	0	0	0	0	0
0	0	0	0	0	0	0	0	0	1	1	0	0	0	0	0	0	0	0	0	1	1	0	0	0	0	0	0	0	0	1	1	0
デーヴィスさんはとても疲れているように見える。
sil	d	e	e	v	i	s	u	s	a	N	w	a	t	o	t	e	m	o	ts	u	k	a	r	e	t	e	i	r	u	y	o	o	n	i	m	i	e	r	u	sil
0	1	1	0	0	0	0	0	0	0	0	0	0	0	0	1	1	0	0	0	0	1	1	0	0	0	0	0	1	1	1	1	0	0	0	0	0	1	0	0	0
0	1	1	0	0	0	0	0	0	0	0	0	0	0	0	0	0	1	1	0	0	0	0	1	1	0	0	0	1	1	1	1	0	0	0	0	0	1	0	0	0
0	1	1	0	0	0	0	0	0	0	0	0	0	1	1	0	0	0	0	1	1	0	0	0	0	0	0	1	0	0	1	1	0	0	0	1	1	0	0	0	0
0	0	0	0	0	0	0	0	0	0	0	1	1	0	0	0	0	1	1	0	0	0	0	0	0	1	1	0	1	1	0	0	0	1	1	0	0	0	1	1	0
スティーヴはジェーンから手紙をもらった。
sil	s	u	t	i	i	v	u	w	a	j	e	e	N	k	a	r	a	t	e	g	a	m	i	o	m	o	r	a	cl	t	a	sil
0	0	0	1	1	0	0	0	0	0	1	1	0	0	0	0	0	0	0	0	1	1	0	0	0	0	0	1	1	0	0	0	0
0	0	0	1	1	0	0	0	0	0	1	1	0	0	0	0	0	0	0	0	0	0	0	0	1	0	0	0	0	0	1	1	0
0	1	1	0	0	0	0	0	0	0	1	1	0	0	0	0	0	0	1	1	0	0	0	0	0	1	1	0	0	0	0	0	0
0	0	0	0	0	0	0	0	1	1	0	0	0	0	0	0	1	1	0	0	0	0	0	0	1	0	0	0	0	0	1	1	0
彼女はモーツァルトやベートーヴェンといった、古典派の作曲家が好きだ。
sil	k	a	n	o	j	o	w	a	m	o	o	ts	a	r	u	t	o	y	a	b	e	e	t	o	o	v	e	N	t	o	i	cl	t	a	pau	k	o	t	e	N	h	a	n	o	s	a	cl	ky	o	k	u	k	a	g	a	s	u	k	i	d	a	sil
0	1	1	0	0	0	0	0	0	1	1	0	0	0	0	0	0	0	0	0	0	0	1	0	0	0	0	0	0	0	0	0	1	0	0	0	0	0	1	1	0	0	0	0	0	0	0	1	0	0	0	0	0	0	0	0	0	0	1	1	0	0	0
0	1	1	0	0	0	0	0	0	1	1	0	0	0	0	0	0	0	0	0	0	0	0	1	1	0	0	0	0	0	0	0	0	1	1	0	0	0	0	0	0	0	0	1	1	0	0	0	0	0	1	1	0	0	0	0	0	0	1	1	0	0	0
0	1	1	0	0	0	0	0	0	1	1	0	0	0	0	0	0	0	0	0	1	1	0	0	0	0	0	0	0	0	0	1	0	0	0	0	1	1	0	0	0	0	0	0	0	1	1	0	0	0	0	0	0	0	0	0	1	1	0	0	0	0	0
0	0	0	0	0	0	0	1	1	0	0	0	0	0	0	0	0	0	1	1	0	0	0	0	0	0	0	0	0	1	1	0	0	1	1	0	0	0	0	0	0	0	0	1	1	0	0	0	0	0	0	0	0	0	1	1	0	0	0	0	1	1	0
ストラットフォード・オン・エイヴォンは、シェイクスピアの生まれたところですが、毎年多くの観光客が訪れます。
sil	s	u	t	o	r	a	cl	t	o	f	o	o	d	o	o	N	e	i	v	o	N	w	a	pau	sh	e	i	k	u	s	u	p	i	a	n	o	u	m	a	r	e	t	a	t	o	k	o	r	o	d	e	s	u	g	a	pau	m	a	i	t	o	sh	i	o	o	k	u	n	o	k	a	N	k	o	o	ky	a	k	u	g	a	o	t	o	z	u	r	e	m	a	s	u	sil
0	0	0	1	1	0	0	0	0	0	0	0	0	0	0	0	0	0	0	0	0	0	0	0	0	0	0	1	0	0	0	0	0	0	0	0	0	0	1	1	0	0	0	0	0	0	1	1	0	0	0	0	0	0	0	0	0	0	0	1	0	0	0	0	1	0	0	0	0	0	0	0	1	0	0	0	0	0	0	0	0	0	0	1	1	0	0	0	0	0	0	0	0	0
0	0	0	0	0	0	0	0	0	0	0	0	0	0	0	0	0	0	0	0	0	0	1	1	0	0	0	0	0	0	1	1	0	0	0	0	0	0	0	0	0	0	1	1	0	0	0	0	0	0	1	1	0	0	0	0	0	0	0	0	0	0	1	1	1	0	0	0	0	0	0	0	0	0	0	1	0	0	0	0	0	0	0	0	0	0	0	0	0	1	1	0	0	0
0	1	1	0	0	0	0	0	0	0	0	0	0	0	0	0	0	0	0	0	0	0	0	0	0	1	1	0	0	0	0	0	0	0	0	0	0	1	0	0	0	0	0	0	1	1	0	0	0	0	0	0	0	0	0	0	0	1	1	0	0	0	0	0	1	0	0	0	0	0	1	1	0	0	0	0	0	0	0	0	0	0	1	0	0	0	0	0	0	0	0	0	0	0
0	0	0	0	0	0	0	0	0	0	0	0	0	0	0	0	0	0	0	0	0	0	1	1	0	0	0	0	0	0	0	0	0	0	0	1	1	0	0	0	0	0	1	1	0	0	0	0	0	0	0	0	0	0	1	1	0	0	0	0	0	0	1	1	0	0	0	0	1	1	0	0	0	0	0	0	0	0	0	0	1	1	0	0	0	0	0	0	0	0	0	1	1	0
彼はピューマを慣らすのに、大いに骨を折った。
sil	k	a	r	e	w	a	py	u	u	m	a	o	n	a	r	a	s	u	n	o	n	i	pau	o	o	i	n	i	h	o	n	e	o	o	cl	t	a	sil
0	1	1	0	0	0	0	1	1	0	0	0	0	0	0	1	1	0	0	0	0	0	0	0	1	0	0	0	0	0	0	1	1	0	1	0	0	0	0
0	1	1	0	0	0	0	1	1	0	0	0	0	0	0	1	1	0	0	0	0	0	0	0	1	0	0	0	0	0	0	1	1	0	1	0	0	0	0
0	1	1	0	0	0	0	1	1	0	0	0	0	1	1	0	0	0	0	0	0	0	0	0	1	0	0	0	0	1	1	0	0	0	1	0	0	0	0
0	0	0	0	0	1	1	0	0	0	0	0	1	0	0	0	0	0	0	0	0	1	1	0	0	0	0	1	1	0	0	0	0	1	0	0	1	1	0
彼が解雇されるとは妙な話だ。
sil	k	a	r	e	g	a	k	a	i	k	o	s	a	r	e	r	u	t	o	w	a	my	o	o	n	a	h	a	n	a	sh	i	d	a	sil
0	1	1	0	0	0	0	1	1	0	0	0	0	0	1	1	0	0	0	0	0	0	1	1	0	0	0	0	0	1	1	0	0	0	0	0
0	1	1	0	0	0	0	1	1	0	0	0	0	0	0	0	0	0	0	0	1	1	1	1	0	0	0	0	0	0	0	1	1	0	0	0
0	1	1	0	0	0	0	1	1	0	0	0	1	1	0	0	0	0	0	0	0	0	1	1	0	0	0	1	1	0	0	0	0	0	0	0
0	0	0	0	0	1	1	0	0	0	1	1	0	0	0	0	0	0	0	0	1	1	0	0	0	1	1	0	0	0	0	0	0	1	1	0
クリスはヴァンパイア・ナイトを倒した。
sil	k	u	r	i	s	u	w	a	v	a	N	p	a	i	a	n	a	i	t	o	o	t	a	o	sh	i	t	a	sil
0	1	1	0	0	0	0	0	0	0	0	1	0	0	0	0	0	0	0	0	0	0	0	0	1	0	0	0	0	0
0	1	1	0	0	0	0	0	0	0	0	0	0	0	0	0	0	0	0	0	0	1	0	0	1	0	0	0	0	0
0	1	1	0	0	0	0	0	0	1	1	0	0	0	0	0	0	0	0	0	0	0	1	1	0	0	0	0	0	0
0	0	0	0	0	0	0	1	1	0	0	0	0	0	0	0	0	0	0	0	0	1	0	0	0	0	0	1	1	0
彼のあだ名は言い得て妙だよね。
sil	k	a	r	e	n	o	a	d	a	n	a	w	a	i	i	e	t	e	my	o	o	d	a	y	o	n	e	sil
0	1	1	0	0	0	0	0	1	1	0	0	0	0	0	1	0	0	0	1	1	0	0	0	0	0	0	0	0
0	1	1	0	0	0	0	0	0	0	0	0	1	1	0	0	0	1	1	1	1	0	0	0	0	0	0	0	0
0	1	1	0	0	0	0	1	0	0	0	0	0	0	1	0	0	0	0	1	1	0	0	0	0	0	0	0	0
0	0	0	0	0	1	1	0	0	0	0	0	1	1	0	0	0	1	1	0	0	0	0	0	0	0	1	1	0
イタリア旅行で彼は、いくつか景勝の地として有名な都市、例えば、ナポリやフィレンツェを訪れた。
sil	i	t	a	r	i	a	ry	o	k	o	o	d	e	k	a	r	e	w	a	pau	i	k	u	ts	u	k	a	k	e	e	sh	o	o	n	o	ch	i	t	o	sh	i	t	e	y	u	u	m	e	e	n	a	t	o	sh	i	pau	t	a	t	o	e	b	a	pau	n	a	p	o	r	i	y	a	f	i	r	e	N	ts	e	o	o	t	o	z	u	r	e	t	a	sil
0	0	1	1	0	0	0	0	0	0	0	0	0	0	1	1	0	0	0	0	0	1	0	0	0	0	0	0	0	0	1	0	0	0	0	0	1	1	0	0	0	0	1	1	0	0	1	0	0	0	0	0	1	1	0	0	0	0	0	1	1	0	0	0	0	1	1	0	0	0	0	0	0	0	0	1	1	0	0	0	0	0	1	1	0	0	0	0	0	0	0
0	0	0	0	0	0	0	1	1	0	0	0	0	0	1	1	0	0	0	0	0	1	0	0	0	0	0	0	0	0	0	0	0	0	1	1	1	1	0	0	0	0	1	1	0	0	0	0	0	0	1	1	1	1	0	0	0	0	0	1	1	0	0	0	0	1	1	0	0	0	0	0	0	0	0	1	1	0	0	0	0	0	0	0	0	0	0	0	1	1	0
0	1	0	0	0	0	0	0	0	0	0	0	0	0	1	1	0	0	0	0	0	1	0	0	0	0	0	0	1	1	0	0	0	0	0	0	1	1	0	0	1	1	0	0	1	1	0	0	0	0	0	0	1	1	0	0	0	1	1	0	0	0	0	0	0	1	1	0	0	0	0	0	0	1	1	0	0	0	0	0	0	1	0	0	0	0	0	0	0	0	0
0	0	0	0	0	0	0	0	0	0	0	0	1	1	0	0	0	0	1	1	0	0	0	0	0	0	1	1	0	0	0	0	0	0	1	1	0	0	1	1	0	0	1	1	0	0	0	0	0	0	1	1	0	0	1	1	0	0	0	0	0	0	1	1	0	0	0	0	0	0	0	1	1	0	0	0	0	0	0	0	1	0	0	0	0	0	0	0	1	1	0
ゼロという概念は、ヒンドゥー文化に由来している。
sil	z	e	r	o	t	o	y	u	u	g	a	i	n	e	N	w	a	pau	h	i	N	d	u	u	b	u	N	k	a	n	i	y	u	r	a	i	sh	i	t	e	i	r	u	sil
0	1	1	0	0	0	0	0	0	1	1	1	0	0	0	0	0	0	0	0	0	1	0	0	0	0	0	0	0	0	0	0	0	0	1	1	0	0	0	1	1	0	1	1	0
0	1	1	0	0	0	0	0	0	1	1	1	0	0	0	0	0	0	0	0	0	0	0	0	0	1	1	0	0	0	0	0	0	0	0	0	1	0	0	1	1	0	1	1	0
0	1	1	0	0	0	0	1	1	0	1	1	0	0	0	0	0	0	0	1	1	0	0	0	0	0	0	0	0	0	0	0	1	1	0	0	0	1	1	0	0	1	0	0	0
0	0	0	0	0	1	1	0	0	1	0	0	0	0	0	0	1	1	0	0	0	0	0	0	0	0	0	0	0	0	1	1	0	0	0	0	1	0	0	1	1	0	1	1	0
そのいたずら娘は何食わぬ顔をした。
sil	s	o	n	o	i	t	a	z	u	r	a	m	u	s	u	m	e	w	a	n	a	n	i	k	u	w	a	n	u	k	a	o	o	sh	i	t	a	sil
0	0	0	1	1	0	1	1	0	0	0	0	0	0	0	0	0	0	0	0	1	1	0	0	0	0	1	1	0	0	0	0	1	0	0	0	1	1	0
0	0	0	1	1	0	0	0	0	0	0	0	1	1	0	0	0	0	0	0	1	1	0	0	0	0	0	0	1	1	0	0	0	1	0	0	1	1	0
0	1	1	0	0	1	0	0	0	0	0	0	0	0	0	0	0	0	0	0	1	1	0	0	1	1	0	0	0	0	1	1	0	0	1	1	0	0	0
0	0	0	1	1	0	0	0	0	0	0	0	0	0	0	0	0	0	1	1	0	0	1	1	0	0	0	0	1	1	0	0	0	1	0	0	1	1	0
スミスさん、ピエール・デュボワをご紹介しますわ。私の親友なの。
sil	s	u	m	i	s	u	s	a	N	pau	p	i	e	e	r	u	dy	u	b	o	w	a	o	g	o	sh	o	o	k	a	i	sh	i	m	a	s	u	w	a	pau	w	a	t	a	sh	i	n	o	sh	i	N	y	u	u	n	a	n	o	sil
0	1	1	0	0	0	0	0	0	0	0	0	0	1	0	0	0	0	0	0	0	0	0	0	0	0	1	1	0	0	0	0	0	0	1	1	0	0	0	0	0	0	0	1	1	0	0	0	0	0	0	1	0	0	0	0	0	0	0	0
0	1	1	0	0	0	0	0	0	0	0	0	0	0	0	0	0	0	0	0	0	0	0	1	0	0	1	1	0	0	0	0	0	0	1	1	0	0	0	0	0	0	0	0	0	0	0	1	1	0	0	0	0	0	0	1	1	0	0	0
0	1	1	0	0	0	0	0	0	0	0	1	1	0	0	0	0	0	0	0	0	0	0	0	1	1	0	0	0	0	0	0	1	1	0	0	0	0	0	0	0	1	1	0	0	0	0	0	0	1	1	0	0	0	0	0	0	0	0	0
0	0	0	0	0	0	0	0	0	1	0	0	0	0	0	0	0	0	0	0	0	0	0	1	0	0	0	0	0	0	0	1	0	0	0	0	0	0	1	1	0	0	0	0	0	0	0	1	1	0	0	0	0	0	0	0	0	1	1	0
どーすんの、このお店。完ッ全に閑古鳥が鳴いちゃってるじゃない。
sil	d	o	o	s	u	N	n	o	pau	k	o	n	o	o	m	i	s	e	pau	k	a	N	cl	z	e	N	n	i	k	a	N	k	o	d	o	r	i	g	a	n	a	i	ch	a	cl	t	e	r	u	j	a	n	a	i	sil
0	1	1	0	1	1	0	0	0	0	0	0	1	1	0	1	1	0	0	0	0	0	1	0	0	0	0	0	0	0	0	1	0	0	0	0	0	0	0	0	0	0	1	0	0	0	0	0	0	0	0	0	0	0	0	0
0	1	1	0	1	1	0	0	0	0	0	0	1	1	0	0	0	1	1	0	0	0	0	1	0	0	0	0	0	0	0	0	1	1	0	0	0	0	0	0	0	0	0	0	0	0	1	1	0	0	0	0	0	0	0	0
0	1	1	0	1	1	0	0	0	0	1	1	0	0	1	0	0	0	0	0	1	1	0	0	0	0	0	0	0	1	1	0	0	0	0	0	0	0	0	0	1	1	0	0	0	0	0	0	0	0	0	0	0	0	0	0
0	0	0	1	0	0	0	1	1	0	0	0	1	1	0	0	0	1	1	0	0	0	0	0	0	0	0	1	1	0	0	0	0	0	0	0	0	0	1	1	0	0	0	0	0	0	0	0	0	0	0	0	0	0	1	0
頂上に着くと皆でヤッホーと叫んだ。
sil	ch	o	o	j	o	o	n	i	ts	u	k	u	t	o	m	i	N	n	a	d	e	y	a	cl	h	o	o	t	o	s	a	k	e	N	d	a	sil
0	0	0	1	0	0	0	0	0	1	1	0	0	0	0	0	0	1	0	0	0	0	0	0	1	0	0	0	0	0	0	0	1	1	0	0	0	0
0	0	0	0	1	1	0	0	0	1	1	0	0	0	0	0	0	0	0	0	1	1	0	0	0	0	0	0	1	1	0	0	1	1	0	0	0	0
0	1	1	0	0	0	0	0	0	1	1	0	0	0	0	1	1	0	0	0	0	0	1	1	0	0	0	0	0	0	1	1	0	0	0	0	0	0
0	0	0	0	0	0	0	1	1	0	0	0	0	1	1	0	0	0	0	0	1	1	0	0	0	0	0	0	1	1	0	0	0	0	0	1	1	0
あっベルが鳴ってる。
sil	a	cl	b	e	r	u	g	a	n	a	cl	t	e	r	u	sil
0	0	1	0	0	0	0	0	0	0	0	1	0	0	0	0	0
0	0	1	0	0	0	0	0	0	0	0	0	1	1	0	0	0
0	1	0	0	0	0	0	0	0	1	1	0	0	0	0	0	0
0	0	0	0	0	0	0	1	1	0	0	0	0	0	1	1	0
彼女は彼にぴょこんとおじぎをした。
sil	k	a	n	o	j	o	w	a	k	a	r	e	n	i	py	o	k	o	N	t	o	o	j	i	g	i	o	sh	i	t	a	sil
0	1	1	0	0	0	0	0	0	1	1	0	0	0	0	0	0	1	1	0	0	0	0	1	1	0	0	0	0	0	1	1	0
0	1	1	0	0	0	0	0	0	1	1	0	0	0	0	0	0	1	1	0	0	0	0	0	0	0	0	1	0	0	1	1	0
0	1	1	0	0	0	0	0	0	1	1	0	0	0	0	1	1	0	0	0	0	0	1	0	0	0	0	0	1	1	0	0	0
0	0	0	0	0	0	0	1	1	0	0	0	0	1	1	0	0	0	0	0	1	1	0	0	0	0	0	1	0	0	1	1	0
男子生徒のめいめいが、帽子に学校のバッジをつけています。
sil	d	a	N	sh	i	s	e	e	t	o	n	o	m	e	e	m	e	e	g	a	pau	b	o	o	sh	i	n	i	g	a	cl	k	o	o	n	o	b	a	cl	j	i	o	ts	u	k	e	t	e	i	m	a	s	u	sil
0	0	0	1	0	0	0	0	0	0	0	0	0	0	0	1	0	0	0	0	0	0	0	0	1	0	0	0	0	0	0	1	0	0	0	0	0	1	1	0	0	0	0	0	0	1	1	0	0	0	1	1	0	0	0
0	0	0	0	0	0	1	1	0	0	0	0	0	0	0	0	1	1	0	0	0	0	0	0	0	0	0	1	1	0	0	0	0	0	0	1	1	1	1	0	0	0	0	0	0	1	1	0	0	0	1	1	0	0	0
0	1	1	0	0	0	0	0	0	0	0	0	0	1	1	0	0	0	0	0	0	0	1	1	0	0	0	0	0	1	1	0	0	0	0	0	0	1	1	0	0	0	0	1	1	0	0	0	0	1	0	0	0	0	0
0	0	0	0	0	0	0	0	0	0	0	1	1	0	0	0	0	0	0	1	1	0	0	0	0	0	0	1	1	0	0	0	0	0	0	1	1	0	0	0	0	0	1	0	0	0	0	1	1	0	0	0	1	1	0
ヒューズが飛んだ。
sil	hy	u	u	z	u	g	a	t	o	N	d	a	sil
0	1	1	0	0	0	0	0	0	0	1	0	0	0
0	1	1	0	0	0	0	0	0	0	0	1	1	0
0	1	1	0	0	0	0	0	1	1	0	0	0	0
0	0	0	0	0	0	1	1	0	0	0	1	1	0
私はポピュラー音楽を聞きたい。
sil	w	a	t	a	sh	i	w	a	p	o	py	u	r	a	a	o	N	g	a	k	u	o	k	i	k	i	t	a	i	sil
0	0	0	1	1	0	0	0	0	0	0	1	1	0	0	0	0	0	0	0	0	0	0	0	0	1	1	0	0	0	0
0	0	0	0	0	0	0	1	1	0	0	0	0	0	0	0	1	0	0	0	0	0	0	0	0	0	0	1	1	0	0
0	1	1	0	0	0	0	0	0	1	1	0	0	0	0	0	0	0	0	0	0	0	0	1	1	0	0	0	0	0	0
0	0	0	0	0	0	0	1	1	0	0	0	0	0	0	0	0	0	0	0	0	0	1	0	0	0	0	0	0	1	0
猫はにゃーにゃーと鳴く。
sil	n	e	k	o	w	a	ny	a	a	ny	a	a	t	o	n	a	k	u	sil
0	1	1	0	0	0	0	0	0	0	0	0	0	0	0	0	0	1	1	0
0	1	1	0	0	0	0	0	0	0	0	0	0	0	0	0	0	1	1	0
0	1	1	0	0	0	0	0	0	0	0	0	0	0	0	1	1	0	0	0
0	0	0	0	0	0	0	0	0	0	0	0	0	1	1	0	0	1	1	0
私の一番上の兄が父の名代としてその会合に出席した。
sil	w	a	t	a	sh	i	n	o	i	ch	i	b	a	N	u	e	n	o	a	n	i	g	a	ch	i	ch	i	n	o	my	o	o	d	a	i	t	o	sh	i	t	e	s	o	n	o	k	a	i	g	o	o	n	i	sh	u	cl	s	e	k	i	sh	i	t	a	sil
0	0	0	1	1	0	0	0	0	0	1	1	0	0	0	0	1	0	0	1	0	0	0	0	1	1	0	0	0	0	0	0	1	0	0	0	0	0	0	0	1	1	0	0	1	1	0	0	1	0	0	0	0	0	0	0	1	0	0	0	0	0	0	1	1	0
0	0	0	0	0	0	0	1	1	0	0	0	0	0	1	0	0	1	1	1	0	0	0	0	1	1	0	0	0	0	0	0	0	0	0	0	1	1	0	0	1	1	0	0	1	1	0	0	0	0	0	0	1	1	0	0	0	0	0	1	1	0	0	1	1	0
0	1	1	0	0	0	0	0	0	1	0	0	0	0	0	1	0	0	0	1	0	0	0	0	1	1	0	0	0	0	1	1	0	0	0	0	0	0	1	1	0	0	1	1	0	0	1	1	0	0	0	0	0	0	1	1	0	0	0	0	0	1	1	0	0	0
0	0	0	0	0	0	0	1	1	0	0	0	0	0	1	0	0	1	1	0	0	0	1	1	0	0	0	0	1	1	0	0	0	0	0	0	1	1	0	0	1	1	0	0	1	1	0	0	0	0	0	0	1	1	0	0	0	0	0	1	1	0	0	1	1	0
彼は首相にインタビューした。
sil	k	a	r	e	w	a	sh	u	sh	o	o	n	i	i	N	t	a	by	u	u	sh	i	t	a	sil
0	1	1	0	0	0	0	0	0	1	1	0	0	0	1	0	0	0	0	0	0	0	0	1	1	0
0	1	1	0	0	0	0	0	0	0	0	0	1	1	1	0	0	0	0	0	0	0	0	1	1	0
0	1	1	0	0	0	0	1	1	0	0	0	0	0	1	0	0	0	0	0	0	1	1	0	0	0
0	0	0	0	0	1	1	0	0	0	0	0	1	1	0	0	0	0	0	0	1	0	0	1	1	0
その会社の急速な成長は、その独特な戦略によるものだった。
sil	s	o	n	o	k	a	i	sh	a	n	o	ky	u	u	s	o	k	u	n	a	s	e	e	ch	o	o	w	a	pau	s	o	n	o	d	o	k	u	t	o	k	u	n	a	s	e	N	ry	a	k	u	n	i	y	o	r	u	m	o	n	o	d	a	cl	t	a	sil
0	0	0	1	1	0	0	1	0	0	0	0	0	0	1	0	0	0	0	0	0	0	0	1	0	0	0	0	0	0	0	0	1	1	0	0	1	1	0	0	0	0	0	0	0	0	1	0	0	0	0	0	0	0	0	1	1	0	0	1	1	0	0	0	0	0	0
0	0	0	1	1	0	0	0	0	0	1	1	0	0	0	0	0	0	0	1	1	0	0	0	0	0	0	1	1	0	0	0	1	1	0	0	0	0	0	0	0	0	1	1	0	0	0	0	0	0	0	1	1	0	0	1	1	0	0	1	1	0	0	0	0	0	0
0	1	1	0	0	1	1	0	0	0	0	0	1	1	0	0	0	0	0	0	0	1	1	0	0	0	0	0	0	0	1	1	0	0	1	1	0	0	0	0	0	0	0	0	1	1	0	0	0	0	0	0	0	1	1	0	0	1	1	0	0	0	0	0	0	0	0
0	0	0	1	1	0	0	0	0	0	1	1	0	0	0	0	0	0	0	1	1	0	0	0	0	0	0	1	1	0	0	0	1	1	0	0	0	0	0	0	0	0	1	1	0	0	0	0	0	0	0	1	1	0	0	1	1	0	0	0	0	0	0	0	1	1	0
私はいつもミネラルウォーターを持ち歩いています。
sil	w	a	t	a	sh	i	w	a	i	ts	u	m	o	m	i	n	e	r	a	r	u	w	o	o	t	a	a	o	m	o	ch	i	a	r	u	i	t	e	i	m	a	s	u	sil
0	0	0	1	1	0	0	0	0	1	0	0	0	0	0	0	1	1	0	0	0	0	0	0	0	0	0	0	0	0	0	1	1	0	0	0	0	0	0	0	1	1	0	0	0
0	0	0	0	0	0	0	1	1	1	0	0	0	0	0	0	0	0	0	0	0	0	1	1	0	0	0	0	0	0	0	0	0	0	1	1	0	0	0	0	1	1	0	0	0
0	1	1	0	0	0	0	0	0	1	0	0	0	0	1	1	0	0	0	0	0	0	0	0	0	0	0	0	0	1	1	0	0	0	0	0	0	0	0	1	0	0	0	0	0
0	0	0	0	0	0	0	1	1	0	0	0	1	1	0	0	0	0	0	0	0	0	0	0	0	0	0	0	1	0	0	0	0	0	0	0	0	1	1	0	0	0	1	1	0
彼女はハンドバッグを開けて家の鍵を探してみたが、見つからなかった。
sil	k	a	n	o	j	o	w	a	h	a	N	d	o	b	a	cl	g	u	o	a	k	e	t	e	i	e	n	o	k	a	g	i	o	s	a	g	a	sh	i	t	e	m	i	t	a	g	a	pau	m	i	ts	u	k	a	r	a	n	a	k	a	cl	t	a	sil
0	1	1	0	0	0	0	0	0	0	0	1	0	0	0	0	0	0	0	0	0	1	1	0	0	0	1	0	0	0	0	1	1	0	0	0	1	1	0	0	0	0	1	1	0	0	0	0	0	0	0	1	1	0	0	0	0	0	0	0	0	0	0	0	0
0	1	1	0	0	0	0	0	0	0	0	0	0	0	1	1	0	0	0	0	0	0	0	1	1	0	1	0	0	0	0	1	1	0	0	0	0	0	0	0	1	1	1	1	0	0	0	0	0	0	0	0	0	0	0	0	0	0	0	0	0	0	1	1	0
0	1	1	0	0	0	0	0	0	1	1	0	0	0	0	0	0	0	0	0	1	0	0	0	0	1	0	0	0	1	1	0	0	0	1	1	0	0	0	0	0	0	1	1	0	0	0	0	0	1	1	0	0	0	0	0	0	0	0	0	0	0	0	0	0
0	0	0	0	0	0	0	1	1	0	0	0	0	0	0	0	0	0	0	1	0	0	0	1	1	0	0	1	1	0	0	0	0	1	0	0	0	0	0	0	1	1	0	0	0	0	1	1	0	0	0	0	0	0	0	0	0	0	0	0	0	0	1	1	0
彼女はスタッフをまとめていけると思いますか？
sil	k	a	n	o	j	o	w	a	s	u	t	a	cl	f	u	o	m	a	t	o	m	e	t	e	i	k	e	r	u	t	o	o	m	o	i	m	a	s	u	k	a	sil
0	1	1	0	0	0	0	0	0	0	0	1	1	0	0	0	0	0	0	1	1	0	0	0	0	0	1	1	0	0	0	0	0	1	1	0	0	0	0	0	0	0	0
0	1	1	0	0	0	0	0	0	0	0	1	1	0	0	0	0	0	0	0	0	0	0	1	1	0	0	0	0	0	1	1	0	0	0	0	1	1	0	0	0	0	0
0	1	1	0	0	0	0	0	0	1	1	0	0	0	0	0	0	1	1	0	0	0	0	0	0	1	0	0	0	0	0	0	1	0	0	0	0	0	0	0	0	0	0
0	0	0	0	0	0	0	1	1	0	0	0	0	0	0	0	1	0	0	0	0	0	0	1	1	0	0	0	0	0	1	1	0	0	0	0	0	0	0	0	1	1	0
牛乳はあなたの体に良いだろう、毎日飲んだほうがいい。
sil	gy	u	u	ny	u	u	w	a	a	n	a	t	a	n	o	k	a	r	a	d	a	n	i	y	o	i	d	a	r	o	o	pau	m	a	i	n	i	ch	i	n	o	N	d	a	h	o	o	g	a	i	i	sil
0	0	0	1	0	0	0	0	0	0	1	1	0	0	0	0	0	0	1	1	0	0	0	0	1	1	0	0	0	0	0	0	0	1	1	0	0	0	0	0	1	1	0	0	0	1	1	0	0	0	1	0	0
0	0	0	0	0	0	0	1	1	0	1	1	0	0	0	0	0	0	0	0	0	0	1	1	1	1	0	0	0	0	0	0	0	1	1	0	0	0	0	0	1	1	0	0	0	1	1	0	0	0	1	0	0
0	1	1	0	0	0	0	0	0	1	0	0	0	0	0	0	1	1	0	0	0	0	0	0	1	1	0	0	0	0	0	0	0	1	1	0	0	0	0	0	1	1	0	0	0	1	1	0	0	0	1	0	0
0	0	0	0	0	0	0	1	1	0	0	0	0	0	1	1	0	0	0	0	0	0	1	1	0	0	0	0	0	0	0	1	0	0	0	0	0	0	1	1	0	0	0	1	1	0	0	0	1	1	0	1	0
あなたは流感になりかけているか、もっと重い病気かもしれません。
sil	a	n	a	t	a	w	a	ry	u	u	k	a	N	n	i	n	a	r	i	k	a	k	e	t	e	i	r	u	k	a	pau	m	o	cl	t	o	o	m	o	i	by	o	o	k	i	k	a	m	o	sh	i	r	e	m	a	s	e	N	sil
0	0	1	1	0	0	0	0	0	0	1	0	0	0	0	0	1	1	0	0	0	0	0	0	0	0	0	1	1	0	0	0	1	1	0	0	0	0	1	1	0	0	0	1	0	0	0	0	0	0	0	0	1	1	0	0	0	0	0	0
0	0	1	1	0	0	0	0	0	0	0	0	0	0	1	1	1	1	0	0	0	0	0	0	0	0	0	1	1	0	0	0	1	1	0	0	0	0	0	0	1	0	0	0	0	0	1	1	0	0	0	0	0	0	0	0	1	1	0	0
0	1	0	0	0	0	0	0	1	1	0	0	0	0	0	0	1	1	0	0	0	0	0	0	0	0	1	0	0	0	0	0	1	1	0	0	0	1	0	0	0	1	1	0	0	0	0	0	0	0	1	1	0	0	0	0	0	0	0	0
0	0	0	0	0	0	1	1	0	0	0	0	0	0	1	1	0	0	0	0	0	0	0	0	1	1	0	0	0	1	1	0	0	0	0	1	1	0	0	0	1	0	0	0	0	0	0	0	1	1	0	0	0	0	0	0	0	0	1	0
彼女はその事件を、生き生きとした筆致で描写した。
sil	k	a	n	o	j	o	w	a	s	o	n	o	j	i	k	e	N	o	pau	i	k	i	i	k	i	t	o	sh	i	t	a	h	i	cl	ch	i	d	e	by	o	o	sh	a	sh	i	t	a	sil
0	1	1	0	0	0	0	0	0	0	0	1	1	1	1	0	0	0	0	0	0	1	1	0	0	0	0	0	0	0	1	1	0	0	1	0	0	0	0	0	0	1	0	0	0	0	1	1	0
0	1	1	0	0	0	0	0	0	0	0	1	1	1	1	0	0	0	0	0	0	0	0	1	0	0	0	0	0	0	1	1	0	0	0	0	0	1	1	0	0	0	1	1	0	0	1	1	0
0	1	1	0	0	0	0	0	0	1	1	0	0	1	1	0	0	0	0	0	1	0	0	0	0	0	0	0	1	1	0	0	1	1	0	0	0	0	0	1	1	0	0	0	1	1	0	0	0
0	0	0	0	0	0	0	1	1	0	0	1	1	0	0	0	0	0	1	0	0	0	0	0	0	0	1	1	0	0	1	1	0	0	0	0	0	1	1	0	0	0	1	1	0	0	1	1	0
彼は自らの生涯を、インドでの病人の治療に捧げるつもりだ。
sil	k	a	r	e	w	a	m	i	z	u	k	a	r	a	n	o	sh	o	o	g	a	i	o	pau	i	N	d	o	d	e	n	o	by	o	o	n	i	N	n	o	ch	i	ry	o	o	n	i	s	a	s	a	g	e	r	u	ts	u	m	o	r	i	d	a	sil
0	1	1	0	0	0	0	1	1	0	0	0	0	0	0	0	0	1	1	0	0	0	0	0	0	1	0	0	0	0	0	0	0	0	0	1	0	0	0	0	0	0	0	1	1	0	0	0	0	0	1	1	0	0	0	0	0	0	1	1	0	0	0	0	0
0	1	1	0	0	0	0	1	1	0	0	0	0	0	0	0	0	1	1	0	0	0	0	0	0	1	0	0	0	0	0	0	0	0	0	0	0	0	0	1	1	0	0	0	0	0	1	1	0	0	0	0	0	0	1	1	0	0	0	0	0	0	1	1	0
0	1	1	0	0	0	0	1	1	0	0	0	0	0	0	0	0	1	1	0	0	0	0	0	0	1	0	0	0	0	0	0	0	1	1	0	0	0	0	0	0	1	1	0	0	0	0	0	1	1	0	0	0	0	0	0	1	1	0	0	0	0	0	0	0
0	0	0	0	0	1	1	0	0	0	0	0	0	0	0	1	1	0	0	0	0	0	0	1	0	0	0	0	0	0	0	1	1	0	0	0	0	0	0	1	1	0	0	0	0	0	1	1	0	0	0	0	0	0	1	1	0	0	0	0	0	0	1	1	0
奇妙な男で、彼は人から話し掛けられないと口をきかない。
sil	k	i	my	o	o	n	a	o	t	o	k	o	d	e	pau	k	a	r	e	w	a	h	i	t	o	k	a	r	a	h	a	n	a	sh	i	k	a	k	e	r	a	r	e	n	a	i	t	o	k	u	ch	i	o	k	i	k	a	n	a	i	sil
0	1	1	0	0	0	0	0	0	1	1	0	0	0	0	0	1	1	0	0	0	0	0	0	1	1	0	0	0	0	0	0	1	1	0	0	0	0	0	0	0	0	0	0	0	0	0	0	0	0	0	1	1	0	0	0	1	1	0	0	0	0
0	1	1	0	0	0	0	0	0	0	0	1	1	0	0	0	1	1	0	0	0	0	0	0	0	0	0	0	1	1	0	0	0	0	0	0	0	0	0	0	0	0	0	0	0	0	0	1	1	0	0	0	0	1	0	0	0	0	0	0	1	0
0	1	1	0	0	0	0	0	1	0	0	0	0	0	0	0	1	1	0	0	0	0	1	1	0	0	0	0	0	0	1	1	0	0	0	0	0	0	0	0	0	0	0	0	0	0	0	0	0	1	1	0	0	0	1	1	0	0	0	0	0	0
0	0	0	0	0	0	1	1	0	0	0	0	0	1	1	0	0	0	0	0	1	1	0	0	0	0	0	0	1	1	0	0	0	0	0	0	0	0	0	0	0	0	0	0	0	0	0	1	1	0	0	0	0	1	0	0	0	0	0	0	1	0
我々はその山脈で土着のガイドを雇った。
sil	w	a	r	e	w	a	r	e	w	a	s	o	n	o	s	a	N	my	a	k	u	d	e	d	o	ch	a	k	u	n	o	g	a	i	d	o	o	y	a	t	o	cl	t	a	sil
0	0	0	1	1	0	0	0	0	0	0	0	0	1	1	0	0	1	0	0	0	0	0	0	0	0	1	1	0	0	0	0	1	1	0	0	0	0	0	0	1	1	0	0	0	0
0	0	0	0	0	0	0	0	0	1	1	0	0	1	1	0	0	0	0	0	0	0	1	1	0	0	0	0	0	0	1	1	1	1	0	0	0	0	0	0	1	1	0	0	0	0
0	1	1	0	0	0	0	0	0	0	0	1	1	0	0	1	1	0	0	0	0	0	0	0	1	1	0	0	0	0	0	0	1	1	0	0	0	0	1	1	0	0	0	0	0	0
0	0	0	0	0	0	0	0	0	1	1	0	0	1	1	0	0	0	0	0	0	0	1	1	0	0	0	0	0	0	1	1	0	0	0	0	0	1	0	0	0	0	0	1	1	0
彼女は息子に家で行儀よくするように言った。
sil	k	a	n	o	j	o	w	a	m	u	s	u	k	o	n	i	i	e	d	e	gy	o	o	g	i	y	o	k	u	s	u	r	u	y	o	o	n	i	i	cl	t	a	sil
0	1	1	0	0	0	0	0	0	0	0	1	1	0	0	0	0	0	1	0	0	0	0	1	0	0	1	1	0	0	0	0	0	0	1	1	0	0	0	0	1	0	0	0
0	1	1	0	0	0	0	0	0	0	0	0	0	0	0	1	1	0	1	0	0	0	0	0	1	1	1	1	0	0	0	0	0	0	1	1	0	0	0	0	0	1	1	0
0	1	1	0	0	0	0	0	0	1	1	0	0	0	0	0	0	1	0	0	0	1	1	0	0	0	1	1	0	0	0	0	0	0	1	1	0	0	0	1	0	0	0	0
0	0	0	0	0	0	0	1	1	0	0	0	0	0	0	1	1	0	0	1	1	0	0	0	1	1	0	0	0	0	0	0	1	1	0	0	0	1	1	0	0	1	1	0
彼はライフルを拾い上げ、それで標的をねらった。
sil	k	a	r	e	w	a	r	a	i	f	u	r	u	o	h	i	r	o	i	a	g	e	pau	s	o	r	e	d	e	hy	o	o	t	e	k	i	o	n	e	r	a	cl	t	a	sil
0	1	1	0	0	0	0	1	1	0	0	0	0	0	0	0	0	1	1	0	0	0	0	0	0	0	1	1	0	0	0	0	1	0	0	0	0	0	0	0	1	1	0	0	0	0
0	1	1	0	0	0	0	1	1	0	0	0	0	0	0	0	0	0	0	0	0	1	1	0	0	0	0	0	1	1	0	0	0	0	0	0	0	1	0	0	0	0	0	1	1	0
0	1	1	0	0	0	0	1	1	0	0	0	0	0	0	1	1	0	0	0	0	0	0	0	1	1	0	0	0	0	1	1	0	0	0	0	0	0	1	1	0	0	0	0	0	0
0	0	0	0	0	1	1	0	0	0	0	0	0	0	1	0	0	0	0	0	0	1	1	0	0	0	0	0	1	1	0	0	0	0	0	0	0	1	0	0	0	0	0	1	1	0
私はこの本に八百円を払った。
sil	w	a	t	a	sh	i	w	a	k	o	n	o	h	o	N	n	i	h	a	cl	py	a	k	u	e	N	o	h	a	r	a	cl	t	a	sil
0	0	0	1	1	0	0	0	0	0	0	1	1	1	1	0	0	0	0	0	1	0	0	0	0	0	0	0	0	0	1	1	0	0	0	0
0	0	0	0	0	0	0	1	1	0	0	1	1	1	1	0	0	0	0	0	0	0	0	1	1	0	0	0	0	0	1	1	0	0	0	0
0	1	1	0	0	0	0	0	0	1	1	0	0	1	1	0	0	0	1	1	0	0	0	0	0	0	0	0	1	1	0	0	0	0	0	0
0	0	0	0	0	0	0	1	1	0	0	1	1	0	0	0	1	1	0	0	0	0	0	0	0	0	0	1	0	0	0	0	0	1	1	0
気分が悪くて入院したが、結果的にはたいしたことはなかった。
sil	k	i	b	u	N	g	a	w	a	r	u	k	u	t	e	ny	u	u	i	N	sh	i	t	a	g	a	pau	k	e	cl	k	a	t	e	k	i	n	i	w	a	t	a	i	sh	i	t	a	k	o	t	o	w	a	n	a	k	a	cl	t	a	sil
0	1	1	0	0	0	0	0	0	0	1	1	0	0	0	0	0	0	1	0	0	0	0	1	1	0	0	0	0	0	1	0	0	0	0	0	0	0	0	0	0	1	1	0	0	0	0	0	0	0	1	1	0	0	1	1	0	0	0	0	0	0
0	1	1	0	0	0	0	0	0	0	1	1	0	0	0	0	0	0	0	0	1	0	0	1	1	0	0	0	0	0	0	1	1	0	0	0	0	0	0	0	0	1	1	0	0	0	0	0	0	0	1	1	0	0	1	1	0	0	0	0	0	0
0	1	1	0	0	0	0	0	1	1	0	0	0	0	0	0	1	1	0	0	0	1	1	0	0	0	0	0	1	1	0	0	0	0	0	0	0	0	0	0	0	1	1	0	0	0	0	0	1	1	0	0	0	0	1	1	0	0	0	0	0	0
0	0	0	0	0	0	1	1	0	0	0	0	0	0	1	1	0	0	0	0	1	0	0	0	0	1	1	0	0	0	0	0	0	0	0	0	0	0	0	1	1	0	0	0	0	0	1	1	0	0	0	0	1	1	0	0	0	0	0	1	1	0
アフィ狙いの釣り記事ですね。英語関係のコミュのあちこちにマルチポストしています。
sil	a	f	i	n	e	r	a	i	n	o	ts	u	r	i	k	i	j	i	d	e	s	u	n	e	pau	e	e	g	o	k	a	N	k	e	e	n	o	k	o	my	u	n	o	a	ch	i	k	o	ch	i	n	i	m	a	r	u	ch	i	p	o	s	u	t	o	sh	i	t	e	i	m	a	s	u	sil
0	0	1	1	0	0	0	0	0	0	0	0	0	1	1	0	0	0	0	0	0	0	0	0	0	0	0	1	0	0	0	0	0	0	0	0	0	0	0	0	1	1	0	0	0	1	1	0	0	0	0	0	0	0	0	1	1	0	0	0	0	0	0	0	0	0	0	1	1	0	1	1	0	0	0
0	0	0	0	1	1	0	0	0	0	0	0	0	1	1	0	0	0	0	0	0	0	0	0	0	0	0	0	0	0	1	1	0	0	0	0	0	0	0	0	0	0	1	1	0	1	1	0	0	0	0	0	0	0	0	0	0	0	0	1	1	0	0	0	0	0	0	1	1	0	1	1	0	0	0
0	1	0	0	0	0	0	0	0	0	0	1	1	0	0	0	0	0	0	0	0	0	0	0	0	0	1	0	0	0	0	0	0	0	0	0	0	0	1	1	0	0	0	0	1	0	0	0	0	0	0	0	0	1	1	0	0	0	0	0	0	0	0	0	0	1	1	0	0	1	0	0	0	0	0
0	0	0	0	0	0	0	0	0	1	1	0	0	0	0	0	0	0	0	0	0	0	0	1	1	0	0	0	0	0	0	0	0	0	0	0	1	1	0	0	0	0	1	1	0	0	0	0	0	0	0	1	1	0	0	0	0	0	0	0	0	0	0	1	1	0	0	1	1	0	0	0	1	1	0
トラベラーズチェックを現金に替えてくれるのはこの窓口ですか？
sil	t	o	r	a	b	e	r	a	a	z	u	ch	e	cl	k	u	o	g	e	N	k	i	N	n	i	k	a	e	t	e	k	u	r	e	r	u	n	o	w	a	k	o	n	o	m	a	d	o	g	u	ch	i	d	e	s	u	k	a	sil
0	0	0	1	1	0	0	0	0	0	0	0	0	0	0	0	0	0	0	0	1	0	0	0	0	0	0	0	1	0	0	0	0	1	1	0	0	0	0	1	1	0	0	1	1	0	0	1	1	0	0	0	0	0	0	0	0	0	0	0
0	0	0	0	0	0	0	0	0	0	0	0	0	0	0	0	0	1	0	0	0	1	1	0	0	0	0	0	0	1	1	0	0	0	0	1	1	0	0	1	1	0	0	1	1	0	0	1	1	0	0	0	0	0	0	0	0	0	0	0
0	1	1	0	0	0	0	0	0	0	0	0	0	0	0	0	0	0	1	1	0	0	0	0	0	0	1	1	0	0	0	1	1	0	0	0	0	1	1	0	0	1	1	0	0	1	1	0	0	0	0	0	0	0	0	0	0	0	0	0
0	0	0	0	0	0	0	0	0	0	0	0	0	0	0	0	0	1	0	0	0	0	0	0	1	1	0	0	0	1	1	0	0	0	0	1	1	0	0	1	1	0	0	1	1	0	0	0	0	0	0	0	0	0	0	0	0	1	1	0
本日の映画は、サウンド・オブ・ミュージックでございます。
sil	h	o	N	j	i	ts	u	n	o	e	e	g	a	w	a	pau	s	a	u	N	d	o	o	b	u	my	u	u	j	i	cl	k	u	d	e	g	o	z	a	i	m	a	s	u	sil
0	1	1	0	0	0	0	0	0	0	0	1	0	0	0	0	0	0	0	1	0	0	0	0	1	1	0	0	1	0	0	0	0	0	0	0	0	0	0	0	0	0	0	0	0	0
0	1	1	0	0	0	0	0	0	0	0	0	0	0	1	1	0	0	0	0	0	1	1	0	1	1	0	0	0	0	0	0	0	0	0	0	0	0	0	0	0	1	1	0	0	0
0	1	1	0	0	0	0	0	0	0	1	0	0	0	0	0	0	1	1	0	0	0	0	1	0	0	1	1	0	0	0	0	0	0	0	0	0	0	0	0	0	0	0	0	0	0
0	0	0	0	0	0	0	0	1	1	0	0	0	0	1	1	0	0	0	0	0	1	1	0	1	1	0	0	0	0	0	0	0	0	0	0	0	0	0	0	0	0	0	1	1	0
概してわれわれ日本人は、外国語を話すのに少し臆病すぎる。
sil	g	a	i	sh	i	t	e	w	a	r	e	w	a	r	e	n	i	h	o	N	j	i	N	w	a	pau	g	a	i	k	o	k	u	g	o	o	h	a	n	a	s	u	n	o	n	i	s	u	k	o	sh	i	o	k	u	by	o	o	s	u	g	i	r	u	sil
0	1	1	0	0	0	0	0	0	0	1	1	0	0	0	0	0	0	0	0	0	0	0	0	0	0	0	0	0	1	0	0	0	0	0	0	0	0	0	1	1	0	0	0	0	1	1	0	0	1	1	0	0	0	1	1	0	0	0	0	0	1	1	0	0	0
0	1	1	0	0	0	0	0	0	0	0	0	0	0	0	0	0	0	0	0	1	0	0	0	0	0	0	0	0	0	0	0	1	1	0	0	0	0	0	1	1	0	0	0	0	1	1	0	0	1	1	0	0	0	0	0	1	1	0	0	0	1	1	0	0	0
0	1	1	0	0	0	0	0	1	1	0	0	0	0	0	0	0	0	0	0	0	0	0	0	0	0	0	1	1	0	0	0	0	0	0	0	0	1	1	0	0	0	0	1	1	0	0	1	1	0	0	0	0	1	0	0	0	0	0	1	1	0	0	0	0	0
0	0	0	0	0	0	1	1	0	0	0	0	0	0	0	0	0	0	0	0	0	0	0	0	1	1	0	0	0	0	0	0	0	0	0	0	1	0	0	0	0	1	1	0	0	1	1	0	0	0	0	1	1	0	0	0	0	0	1	0	0	0	0	1	1	0
店の人は私のことを知るようになり、私はいつも同じウェイトレスに応対してもらっていた。
sil	m	i	s	e	n	o	h	i	t	o	w	a	w	a	t	a	sh	i	n	o	k	o	t	o	o	sh	i	r	u	y	o	o	n	i	n	a	r	i	pau	w	a	t	a	sh	i	w	a	i	ts	u	m	o	o	n	a	j	i	w	e	i	t	o	r	e	s	u	n	i	o	o	t	a	i	sh	i	t	e	m	o	r	a	cl	t	e	i	t	a	sil
0	0	0	1	1	0	0	0	0	1	1	0	0	0	0	1	1	0	0	0	0	0	0	1	1	0	0	0	1	1	1	1	0	0	0	1	1	0	0	0	0	0	1	1	0	0	0	0	1	0	0	0	0	0	1	1	0	0	0	0	1	0	0	0	0	0	0	0	0	0	1	0	0	0	0	0	1	1	0	0	1	1	0	0	0	0	1	1	0
0	0	0	1	1	0	0	0	0	0	0	1	1	0	0	0	0	0	0	1	1	0	0	1	1	0	0	0	1	1	1	1	0	0	0	1	1	0	0	0	0	0	0	0	0	0	1	1	1	0	0	0	0	0	0	0	1	1	0	0	1	0	0	0	0	0	0	0	0	0	0	0	0	1	0	0	1	1	0	0	0	0	0	1	1	0	1	1	0
0	1	1	0	0	0	0	1	1	0	0	0	0	1	1	0	0	0	0	0	0	1	1	0	0	0	1	1	0	0	1	1	0	0	0	1	1	0	0	0	1	1	0	0	0	0	0	0	1	0	0	0	0	1	0	0	0	0	1	1	0	0	0	0	0	0	0	0	0	1	0	0	0	0	1	1	0	0	1	1	0	0	0	0	0	1	0	0	0
0	0	0	0	0	1	1	0	0	0	0	1	1	0	0	0	0	0	0	1	1	0	0	0	0	1	0	0	1	1	0	0	0	1	1	0	0	1	1	0	0	0	0	0	0	0	1	1	0	0	0	1	1	0	0	0	1	1	0	0	0	0	0	0	0	0	0	1	1	0	0	0	0	1	0	0	1	1	0	0	0	0	0	1	1	0	1	1	0
この丘からは何百万という星が見える。
sil	k	o	n	o	o	k	a	k	a	r	a	w	a	n	a	N	by	a	k	u	m	a	N	t	o	y	u	u	h	o	sh	i	g	a	m	i	e	r	u	sil
0	0	0	1	1	0	1	1	0	0	0	0	0	0	0	0	1	0	0	0	0	0	0	0	0	0	0	0	1	0	0	1	1	0	0	0	0	1	0	0	0
0	0	0	1	1	0	0	0	0	0	0	0	1	1	0	0	0	0	0	1	1	0	0	0	0	0	0	0	1	0	0	0	0	1	1	0	0	1	0	0	0
0	1	1	0	0	1	0	0	0	0	0	0	0	0	1	1	0	0	0	0	0	0	0	0	0	0	1	1	0	1	1	0	0	0	0	1	1	0	0	0	0
0	0	0	1	1	0	0	0	0	0	0	0	1	1	0	0	0	0	0	0	0	0	0	0	1	1	0	0	1	0	0	0	0	1	1	0	0	0	1	1	0
彼女は大学に入学したら、親から経済的に独立しようと思っていた。
sil	k	a	n	o	j	o	w	a	d	a	i	g	a	k	u	n	i	ny	u	u	g	a	k	u	sh	i	t	a	r	a	pau	o	y	a	k	a	r	a	k	e	e	z	a	i	t	e	k	i	n	i	d	o	k	u	r	i	ts	u	sh	i	y	o	o	t	o	o	m	o	cl	t	e	i	t	a	sil
0	1	1	0	0	0	0	0	0	0	0	1	0	0	0	0	0	0	0	0	1	0	0	0	0	0	0	1	1	0	0	0	0	1	1	0	0	0	0	0	0	1	0	0	0	0	0	0	0	0	0	0	0	1	1	0	0	0	0	0	0	1	1	0	0	0	0	1	1	0	0	0	0	1	1	0
0	1	1	0	0	0	0	0	0	0	0	0	0	0	0	0	1	1	0	0	0	0	0	1	1	0	0	1	1	0	0	0	0	1	1	0	0	0	0	0	0	0	0	0	1	0	0	0	0	0	0	0	0	0	0	0	0	1	1	0	0	0	0	0	1	1	0	1	1	0	0	0	0	1	1	0
0	1	1	0	0	0	0	0	0	1	1	0	0	0	0	0	0	0	1	1	0	0	0	0	0	1	1	0	0	0	0	0	1	0	0	0	0	0	0	1	1	0	0	0	0	0	0	0	0	0	0	1	1	0	0	0	0	0	0	1	1	0	0	0	0	0	1	0	0	0	0	0	1	0	0	0
0	0	0	0	0	0	0	1	1	0	0	0	0	0	0	0	1	1	0	0	0	0	0	1	1	0	0	0	0	1	1	0	0	0	0	0	0	1	1	0	0	0	0	0	0	0	0	0	0	1	1	0	0	0	0	0	0	1	1	0	0	0	0	0	1	1	0	0	0	0	1	1	0	1	1	0
サブマリンのペリスコープが、水中からにょっきり突き出ていた。
sil	s	a	b	u	m	a	r	i	N	n	o	p	e	r	i	s	u	k	o	o	p	u	g	a	pau	s	u	i	ch	u	u	k	a	r	a	ny	o	cl	k	i	r	i	ts	u	k	i	d	e	t	e	i	t	a	sil
0	0	0	1	1	0	0	0	0	0	0	0	0	0	1	1	0	0	0	0	0	0	0	0	0	0	0	0	1	0	0	0	0	0	0	0	0	0	1	0	0	0	0	0	0	1	1	0	0	0	0	0	1	1	0
0	0	0	0	0	1	1	0	0	0	0	0	0	0	0	0	0	0	1	1	0	0	0	0	0	0	0	0	0	0	0	0	0	0	0	0	0	0	0	1	1	0	0	0	0	0	0	0	0	1	1	0	1	1	0
0	1	1	0	0	0	0	0	0	0	0	0	1	1	0	0	0	0	0	0	0	0	0	0	0	0	1	1	0	0	0	0	0	0	0	0	1	1	0	0	0	0	0	1	1	0	0	0	0	0	0	1	0	0	0
0	0	0	0	0	0	0	0	0	0	1	1	0	0	0	0	0	0	0	0	0	0	0	1	1	0	0	0	0	0	0	0	0	0	1	1	0	0	0	0	0	1	1	0	0	0	0	0	0	1	1	0	1	1	0
別にブルマに特別な関心があるわけじゃない。
sil	b	e	ts	u	n	i	b	u	r	u	m	a	n	i	t	o	k	u	b	e	ts	u	n	a	k	a	N	sh	i	N	g	a	a	r	u	w	a	k	e	j	a	n	a	i	sil
0	0	0	1	1	0	0	0	0	1	1	0	0	0	0	0	0	1	1	0	0	0	0	0	0	0	0	1	0	0	0	0	0	1	0	0	1	1	0	0	0	0	0	0	0	0
0	0	0	0	0	1	1	0	0	0	0	0	0	1	1	0	0	0	0	0	0	0	0	1	1	0	0	0	0	0	0	1	1	1	0	0	1	1	0	0	0	0	0	0	0	0
0	1	1	0	0	0	0	1	1	0	0	0	0	0	0	1	1	0	0	0	0	0	0	0	0	1	1	0	0	0	0	0	0	1	0	0	1	1	0	0	0	0	0	0	0	0
0	0	0	0	0	1	1	0	0	0	0	0	0	1	1	0	0	0	0	0	0	0	0	1	1	0	0	0	0	0	0	1	1	0	1	1	0	0	0	0	0	0	0	0	1	0
そういうフェティシズムはないと思う。
sil	s	o	o	y	u	u	f	e	t	i	sh	i	z	u	m	u	w	a	n	a	i	t	o	o	m	o	u	sil
0	0	0	1	0	0	0	0	0	1	1	0	0	0	0	0	0	0	0	1	1	0	0	0	0	1	1	0	0
0	0	0	0	0	0	1	0	0	0	0	1	1	0	0	0	0	0	0	1	1	0	0	0	0	1	1	0	0
0	1	1	0	0	0	0	1	1	0	0	0	0	0	0	0	0	0	0	1	1	0	0	0	1	0	0	0	0
0	0	0	0	0	0	1	0	0	0	0	0	0	0	0	0	0	1	1	0	0	0	1	1	0	0	0	1	0
ウッド夫人が作ってくれるおいしい田舎風の料理を食べたし、ミルクをたくさん飲みました。
sil	u	cl	d	o	f	u	j	i	N	g	a	ts	u	k	u	cl	t	e	k	u	r	e	r	u	o	i	sh	i	i	i	n	a	k	a	f	u	u	n	o	ry	o	o	r	i	o	t	a	b	e	t	a	sh	i	pau	m	i	r	u	k	u	o	t	a	k	u	s	a	N	n	o	m	i	m	a	sh	i	t	a	sil
0	1	0	0	0	0	0	1	1	0	0	0	0	0	1	1	0	0	0	0	0	1	1	0	0	0	1	0	0	0	0	1	1	0	0	0	0	0	0	0	1	1	0	0	0	0	0	0	1	1	0	0	0	0	0	1	1	0	0	0	0	0	0	0	1	1	0	0	0	0	0	1	1	0	0	0	0	0	0	0
0	1	0	0	0	0	0	0	0	0	1	1	0	0	1	1	0	0	0	0	0	0	0	1	1	0	0	1	1	0	0	0	0	1	1	0	0	0	0	0	1	1	0	0	0	0	0	0	1	1	0	0	0	0	0	1	1	0	0	0	0	0	0	0	0	0	0	0	1	0	0	0	0	1	1	0	0	0	0	0
0	1	0	0	0	1	1	0	0	0	0	0	1	1	0	0	0	0	0	1	1	0	0	0	0	1	0	0	0	0	1	0	0	0	0	0	0	0	0	0	1	1	0	0	0	0	1	1	0	0	0	0	0	0	0	1	1	0	0	0	0	0	1	1	0	0	0	0	0	1	1	0	0	0	0	0	0	0	0	0
0	0	0	1	1	0	0	0	0	0	1	1	0	0	0	0	0	1	1	0	0	0	0	1	1	0	0	0	0	1	0	0	0	0	0	0	0	0	1	1	0	0	0	0	0	1	0	0	0	0	0	0	1	1	0	0	0	0	0	0	0	1	0	0	0	0	0	0	1	0	0	0	0	0	0	0	0	1	1	0
私の妻が瓶をわってしまったので、台所の床は牛乳だらけになっている。
sil	w	a	t	a	sh	i	n	o	ts	u	m	a	g	a	b	i	N	o	w	a	cl	t	e	sh	i	m	a	cl	t	a	n	o	d	e	pau	d	a	i	d	o	k	o	r	o	n	o	y	u	k	a	w	a	gy	u	u	ny	u	u	d	a	r	a	k	e	n	i	n	a	cl	t	e	i	r	u	sil
0	0	0	1	1	0	0	0	0	1	1	0	0	0	0	1	1	0	0	1	1	0	0	0	0	0	1	1	0	0	0	0	0	0	0	0	0	0	1	0	0	0	0	0	0	0	0	0	0	1	1	0	0	0	0	1	0	0	0	0	0	0	0	0	0	0	0	1	1	0	0	0	0	1	1	0
0	0	0	0	0	0	0	1	1	1	1	0	0	0	0	1	1	0	0	1	1	0	0	0	0	0	1	1	0	0	0	0	0	0	0	0	0	0	0	0	0	0	0	0	0	1	1	0	0	0	0	1	1	0	0	0	0	0	0	1	1	0	0	0	0	0	0	1	1	0	0	0	0	1	1	0
0	1	1	0	0	0	0	0	0	1	1	0	0	0	0	1	1	0	0	1	1	0	0	0	1	1	0	0	0	0	0	0	0	0	0	0	1	1	0	0	0	0	0	0	0	0	0	1	1	0	0	0	0	1	1	0	0	0	0	0	0	0	0	0	0	0	0	1	1	0	0	0	1	0	0	0
0	0	0	0	0	0	0	1	1	0	0	0	0	1	1	0	0	0	1	0	0	0	1	1	0	0	0	0	0	0	0	0	0	1	1	0	0	0	0	0	0	0	0	0	0	1	1	0	0	0	0	1	1	0	0	0	0	0	0	0	0	0	0	0	0	1	1	0	0	0	1	1	0	1	1	0
喧嘩をしていた二人の子供は、お互いにしかめっ面をして座っていた。
sil	k	e	N	k	a	o	sh	i	t	e	i	t	a	f	u	t	a	r	i	n	o	k	o	d	o	m	o	w	a	pau	o	t	a	g	a	i	n	i	sh	i	k	a	m	e	cl	ts	u	r	a	o	sh	i	t	e	s	u	w	a	cl	t	e	i	t	a	sil
0	0	0	1	0	0	0	0	0	1	1	0	1	1	0	0	1	1	0	0	0	0	0	0	1	1	0	0	0	0	0	0	1	1	0	0	0	0	0	0	0	1	1	0	0	0	0	0	0	0	0	0	0	1	1	0	0	1	1	0	0	0	0	1	1	0
0	0	0	0	0	0	1	0	0	1	1	0	1	1	0	0	0	0	1	1	0	0	0	0	0	0	0	0	1	1	0	0	0	0	0	0	0	1	1	0	0	0	0	0	0	0	0	0	0	0	1	0	0	1	1	0	0	0	0	0	1	1	0	1	1	0
0	1	1	0	0	0	0	1	1	0	0	1	0	0	1	1	0	0	0	0	0	0	1	1	0	0	0	0	0	0	0	1	0	0	0	0	0	0	0	1	1	0	0	0	0	0	0	0	0	0	0	1	1	0	0	1	1	0	0	0	0	0	1	0	0	0
0	0	0	0	0	0	1	0	0	1	1	0	1	1	0	0	0	0	0	0	1	1	0	0	0	0	0	0	1	1	0	0	0	0	0	0	0	1	1	0	0	0	0	0	0	0	0	0	0	0	1	0	0	1	1	0	0	0	0	0	1	1	0	1	1	0
事業を継続しながら、事業が依拠している不動産を、切り売りしていくことなど非現実的なのだ。
sil	j	i	gy	o	o	o	k	e	e	z	o	k	u	sh	i	n	a	g	a	r	a	pau	j	i	gy	o	o	g	a	i	ky	o	sh	i	t	e	i	r	u	f	u	d	o	o	s	a	N	o	pau	k	i	r	i	u	r	i	sh	i	t	e	i	k	u	k	o	t	o	n	a	d	o	h	i	g	e	N	j	i	ts	u	t	e	k	i	n	a	n	o	d	a	sil
0	1	1	0	0	0	0	0	0	1	0	0	0	0	0	0	1	1	0	0	0	0	0	1	1	0	0	0	0	0	1	0	0	0	0	1	1	0	1	1	0	0	1	1	0	0	0	0	0	0	0	0	1	1	0	0	0	0	0	1	1	0	1	1	0	0	1	1	0	0	0	0	0	0	1	1	0	0	0	0	0	0	0	0	0	0	0	0	0	1	1	0
0	1	1	0	0	0	0	0	0	0	0	0	1	1	0	0	1	1	0	0	0	0	0	1	1	0	0	0	0	0	1	0	0	0	0	1	1	0	1	1	0	0	1	1	0	0	0	0	0	0	0	0	0	0	0	1	1	0	0	1	1	0	1	1	0	0	1	1	0	0	0	0	0	0	0	0	0	0	0	1	1	0	0	0	0	0	0	0	0	1	1	0
0	1	1	0	0	0	0	1	1	0	0	0	0	0	1	1	0	0	0	0	0	0	0	1	1	0	0	0	0	0	1	0	0	1	1	0	0	1	0	0	1	1	0	0	0	0	0	0	0	0	1	1	0	0	0	0	0	1	1	0	0	1	0	0	1	1	0	0	0	0	0	0	1	1	0	0	0	0	0	0	0	0	0	0	0	0	0	1	1	0	0	0
0	0	0	0	0	0	1	0	0	0	0	0	1	1	0	0	0	0	0	0	1	1	0	0	0	0	0	0	1	1	0	1	1	0	0	1	1	0	1	1	0	0	0	0	0	0	0	0	1	0	0	0	0	0	0	1	1	0	0	1	1	0	1	1	0	0	0	0	0	0	1	1	0	0	0	0	0	0	0	0	0	0	0	0	0	1	1	0	0	1	1	0
しかしペパーバーグは、そのオウムを研究することによって、動物に対する考え方が変わったと言っている。
sil	sh	i	k	a	sh	i	p	e	p	a	a	b	a	a	g	u	w	a	pau	s	o	n	o	o	o	m	u	o	k	e	N	ky	u	u	s	u	r	u	k	o	t	o	n	i	y	o	cl	t	e	pau	d	o	o	b	u	ts	u	n	i	t	a	i	s	u	r	u	k	a	N	g	a	e	k	a	t	a	g	a	k	a	w	a	cl	t	a	t	o	i	cl	t	e	i	r	u	sil
0	0	0	1	1	0	0	0	0	1	1	0	0	0	0	0	0	0	0	0	0	0	1	1	1	0	0	0	0	0	0	1	0	0	0	0	0	1	1	0	0	1	1	0	0	0	0	0	0	0	0	0	0	1	0	0	0	0	0	0	0	0	1	0	0	0	0	0	0	1	0	0	0	0	0	0	0	0	0	0	0	1	1	0	0	0	0	0	0	1	0	0	0	1	1	0
0	0	0	1	1	0	0	0	0	0	0	0	0	0	0	0	0	1	1	0	0	0	1	1	1	0	0	0	0	0	0	0	0	0	1	0	0	1	1	0	0	1	1	0	0	0	0	0	0	0	0	0	0	0	0	0	0	0	1	1	0	0	0	1	1	0	0	0	0	0	0	0	0	1	1	0	0	0	0	0	0	0	0	0	1	1	0	0	0	0	1	1	0	1	1	0
0	1	1	0	0	0	0	1	1	0	0	0	0	0	0	0	0	0	0	0	1	1	0	0	1	0	0	0	0	1	1	0	0	0	0	1	1	0	0	1	1	0	0	0	0	0	0	0	0	0	0	1	1	0	0	0	0	0	0	0	1	1	0	0	0	0	0	1	1	0	0	0	0	0	0	0	0	0	0	1	1	0	0	0	0	0	0	0	1	0	0	0	1	0	0	0
0	0	0	0	0	1	1	0	0	0	0	0	0	0	0	0	0	1	1	0	0	0	1	1	0	0	0	0	1	0	0	0	0	0	1	0	0	1	1	0	0	0	0	0	0	0	0	0	1	1	0	0	0	0	0	0	0	0	1	1	0	0	0	0	0	1	1	0	0	0	0	0	0	0	0	0	0	1	1	0	0	0	0	0	0	0	1	1	0	0	1	1	0	1	1	0
パックマンがある条件を満たすと、追ってくるモンスターを逆襲して食べることができる。
sil	p	a	cl	k	u	m	a	N	g	a	a	r	u	j	o	o	k	e	N	o	m	i	t	a	s	u	t	o	pau	o	cl	t	e	k	u	r	u	m	o	N	s	u	t	a	a	o	gy	a	k	u	sh	u	u	sh	i	t	e	t	a	b	e	r	u	k	o	t	o	g	a	d	e	k	i	r	u	sil
0	0	0	1	0	0	0	0	0	0	0	1	0	0	0	0	1	0	0	0	0	0	0	1	1	0	0	0	0	0	0	1	0	0	1	1	0	0	1	1	0	0	0	0	0	0	0	0	0	1	1	0	0	0	0	0	1	1	0	0	1	1	0	0	0	0	1	1	0	0	0	0	1	1	0	0	0
0	0	0	0	1	1	0	0	0	0	0	1	0	0	0	0	0	1	1	0	0	0	0	1	1	0	0	0	0	0	0	0	1	1	1	1	0	0	1	1	0	0	0	0	0	0	0	0	0	0	0	0	0	1	0	0	1	1	0	0	1	1	0	0	0	0	1	1	0	0	0	0	1	1	0	0	0
0	1	1	0	0	0	0	0	0	0	0	1	0	0	1	1	0	0	0	0	0	1	1	0	0	0	0	0	0	0	1	0	0	0	1	1	0	0	1	1	0	0	0	0	0	0	0	1	1	0	0	0	0	0	1	1	0	0	1	1	0	0	0	0	1	1	0	0	0	0	1	1	0	0	0	0	0
0	0	0	0	0	0	0	0	0	1	1	0	1	1	0	0	0	0	0	0	1	0	0	0	0	0	0	1	1	0	0	0	1	1	0	0	1	1	0	0	0	0	0	0	0	0	1	0	0	0	0	0	0	1	0	0	1	1	0	0	0	0	1	1	0	0	0	0	1	1	0	0	0	0	1	1	0
その数百年後に、フォークが西洋のテーブルに現れることになるが、ただちに受け入れられたわけではなかった。
sil	s	o	n	o	s	u	u	hy	a	k	u	n	e	N	g	o	n	i	pau	f	o	o	k	u	g	a	s	e	e	y	o	o	n	o	t	e	e	b	u	r	u	n	i	a	r	a	w	a	r	e	r	u	k	o	t	o	n	i	n	a	r	u	g	a	pau	t	a	d	a	ch	i	n	i	u	k	e	i	r	e	r	a	r	e	t	a	w	a	k	e	d	e	w	a	n	a	k	a	cl	t	a	sil
0	0	0	1	1	0	0	1	0	0	0	0	0	0	0	0	0	0	0	0	1	1	0	0	0	0	0	1	1	0	0	0	0	0	0	0	0	1	0	0	0	0	0	0	0	1	1	0	0	0	0	0	0	0	0	1	1	0	0	1	1	0	0	0	0	0	1	1	0	0	0	0	0	0	0	1	1	0	0	0	0	0	0	0	0	0	1	1	0	0	0	0	0	0	1	1	0	0	0	0	0	0
0	0	0	1	1	0	0	0	0	0	0	0	0	0	1	0	0	0	0	0	1	1	0	0	0	0	0	1	1	0	0	0	0	0	0	0	0	0	0	0	0	0	1	1	0	0	0	0	0	1	1	0	0	0	0	1	1	0	0	1	1	0	0	0	0	0	1	1	0	0	0	0	0	0	0	0	0	0	1	1	0	0	0	0	0	0	1	1	0	0	0	0	0	0	1	1	0	0	0	0	0	0
0	1	1	0	0	1	1	0	0	0	0	0	0	0	0	0	0	0	0	0	1	1	0	0	0	0	0	1	1	0	0	0	0	0	0	1	1	0	0	0	0	0	0	0	1	0	0	0	0	0	0	0	0	1	1	0	0	0	0	1	1	0	0	0	0	0	1	1	0	0	0	0	0	0	1	0	0	0	0	0	0	0	0	0	0	0	1	1	0	0	0	0	0	0	1	1	0	0	0	0	0	0
0	0	0	1	1	0	0	0	0	0	0	0	0	0	0	0	0	1	1	0	0	0	0	0	0	1	1	0	0	0	0	0	0	1	1	0	0	0	0	0	0	0	1	1	0	0	0	0	0	0	0	1	1	0	0	0	0	1	1	0	0	0	0	1	1	0	0	0	0	0	0	0	1	1	0	0	0	0	0	0	0	0	0	0	1	1	0	0	0	0	0	0	1	1	0	0	0	0	0	1	1	0
トップのリーダーは犬の行動学ではアルファと呼ばれ、以下ベータ、ガンマと続きます。
sil	t	o	cl	p	u	n	o	r	i	i	d	a	a	w	a	i	n	u	n	o	k	o	o	d	o	o	g	a	k	u	d	e	w	a	a	r	u	f	a	t	o	y	o	b	a	r	e	pau	i	k	a	b	e	e	t	a	pau	g	a	N	m	a	t	o	ts	u	z	u	k	i	m	a	s	u	sil
0	1	1	0	0	0	0	0	1	1	0	0	0	0	0	0	0	1	1	0	0	0	0	1	0	0	0	0	0	0	0	0	0	0	0	1	0	0	0	0	0	0	0	0	1	1	0	0	0	0	1	1	0	0	0	0	0	0	0	0	1	0	0	0	0	0	0	1	1	0	0	0	0	0	0	0
0	1	1	0	0	0	0	0	1	1	0	0	0	0	0	0	0	1	1	0	0	0	0	0	0	0	1	0	0	0	0	0	0	0	0	1	0	0	0	0	0	0	0	0	0	0	1	1	0	0	0	0	1	1	0	0	0	0	0	0	0	0	0	1	1	0	0	0	0	0	0	1	1	0	0	0
0	1	1	0	0	0	0	0	1	1	0	0	0	0	0	0	1	0	0	0	0	1	1	0	0	0	0	0	0	0	0	0	0	0	0	1	0	0	0	0	0	0	1	1	0	0	0	0	0	1	0	0	0	0	0	0	0	0	1	1	0	0	0	0	0	1	1	0	0	0	0	0	0	0	0	0
0	0	0	0	0	0	1	1	0	0	0	0	0	0	1	1	0	0	0	1	1	0	0	0	0	0	0	0	0	0	0	0	0	1	1	0	0	0	0	0	1	1	0	0	0	0	1	1	0	0	0	0	0	0	0	1	1	0	0	0	0	0	0	1	1	0	0	0	0	0	0	0	0	1	1	0
ウィーンまでは歩くとどのくらいかかりますか？
sil	w	i	i	N	m	a	d	e	w	a	a	r	u	k	u	t	o	d	o	n	o	k	u	r	a	i	k	a	k	a	r	i	m	a	s	u	k	a	sil
0	1	1	0	0	0	0	0	0	0	0	0	1	1	0	0	0	0	1	1	0	0	0	0	0	0	0	0	0	1	1	0	0	0	0	0	0	0	0	0
0	1	1	0	0	0	0	0	0	0	0	0	1	1	0	0	0	0	1	1	0	0	0	0	0	0	0	0	0	0	0	0	0	1	1	0	0	0	0	0
0	1	1	0	0	0	0	0	0	0	0	1	0	0	0	0	0	0	1	1	0	0	0	0	0	0	0	1	1	0	0	0	0	0	0	0	0	0	0	0
0	0	0	0	0	0	0	0	0	1	1	0	0	0	0	0	1	1	0	0	0	0	0	0	0	0	1	0	0	0	0	0	0	0	0	0	0	1	1	0
すみません、この辺に詳しくないんです。
sil	s	u	m	i	m	a	s	e	N	pau	k	o	n	o	h	e	N	n	i	k	u	w	a	sh	i	k	u	n	a	i	N	d	e	s	u	sil
0	0	0	1	1	0	0	0	0	0	0	0	0	1	1	0	0	1	0	0	0	0	1	1	0	0	0	0	0	0	0	1	0	0	0	0	0
0	0	0	0	0	0	0	1	1	0	0	0	0	1	1	0	0	0	1	1	0	0	0	0	1	1	0	0	0	0	0	1	0	0	0	0	0
0	1	1	0	0	0	0	0	0	0	0	1	1	0	0	1	1	0	0	0	1	1	0	0	0	0	0	0	0	0	0	1	0	0	0	0	0
0	0	0	0	0	0	0	0	0	1	0	0	0	1	1	0	0	0	1	1	0	0	0	0	0	0	0	0	0	0	1	0	0	0	1	1	0
目標は授業設計をするときの、学生の思考を触発するメディア教材の選択および、活用方法について理解することである。
sil	m	o	k	u	hy	o	o	w	a	j	u	gy	o	o	s	e	cl	k	e	e	o	s	u	r	u	t	o	k	i	n	o	pau	g	a	k	u	s	e	e	n	o	sh	i	k	o	o	o	sh	o	k	u	h	a	ts	u	s	u	r	u	m	e	d	i	a	ky	o	o	z	a	i	n	o	s	e	N	t	a	k	u	o	y	o	b	i	pau	k	a	ts	u	y	o	o	h	o	o	h	o	o	n	i	ts	u	i	t	e	r	i	k	a	i	s	u	r	u	k	o	t	o	d	e	a	r	u	sil
0	0	0	1	1	0	0	0	0	0	0	0	1	1	0	0	0	0	0	0	0	0	0	0	1	1	1	1	0	0	0	0	0	0	0	1	1	0	0	0	0	0	0	0	1	1	0	0	0	0	1	1	0	0	0	0	0	0	1	1	0	0	1	1	0	0	0	0	0	0	0	0	0	0	0	1	0	0	0	0	0	0	0	0	0	0	0	0	1	1	0	0	0	0	0	0	0	0	0	0	0	1	1	0	0	0	1	1	0	0	0	0	0	1	1	0	0	1	1	0	0	0	0	0	0
0	0	0	0	0	0	0	0	1	1	0	0	0	0	0	1	1	0	0	0	0	0	0	0	1	1	1	1	0	0	0	0	0	0	0	0	0	0	0	0	1	1	0	0	0	0	0	1	0	0	0	0	0	0	1	1	0	0	1	1	0	0	0	0	0	1	1	0	0	0	0	0	0	0	0	0	0	0	0	0	0	0	0	1	1	0	0	0	0	0	0	0	0	1	1	0	0	0	0	0	0	1	1	0	0	0	1	1	0	0	0	0	0	1	1	0	0	1	1	0	0	0	0	0	0
0	1	1	0	0	0	0	0	0	0	1	1	0	0	0	0	0	0	0	0	0	0	1	1	0	0	1	1	0	0	0	0	0	1	1	0	0	0	0	0	0	0	1	1	0	0	0	0	1	1	0	0	0	0	0	0	1	1	0	0	1	1	0	0	0	0	0	0	0	0	0	0	0	1	1	0	0	0	0	0	0	0	0	0	0	0	1	1	0	0	0	0	0	0	0	0	0	0	0	0	0	1	1	0	0	0	1	1	0	0	0	1	1	0	0	1	1	0	0	0	0	0	0	0	0
0	0	0	0	0	0	0	0	1	1	0	0	0	0	0	0	0	0	0	0	0	1	0	0	1	1	0	0	0	0	1	1	0	0	0	0	0	0	0	0	1	1	0	0	0	0	0	1	0	0	0	0	0	0	1	1	0	0	1	1	0	0	0	0	0	0	0	0	0	0	0	1	1	0	0	0	0	0	0	0	0	0	0	1	1	0	0	0	0	0	0	0	0	0	0	0	0	0	0	1	1	0	0	0	1	1	0	0	0	0	1	0	0	1	1	0	0	0	0	0	0	0	1	1	0
とりあえず店の前、掃除しといてくれ。打ち水も頼む。
sil	t	o	r	i	a	e	z	u	m	i	s	e	n	o	m	a	e	pau	s	o	o	j	i	sh	i	t	o	i	t	e	k	u	r	e	pau	u	ch	i	m	i	z	u	m	o	t	a	n	o	m	u	sil
0	0	0	1	1	0	0	0	0	0	0	1	1	0	0	1	1	0	0	0	0	1	0	0	0	0	1	1	0	0	0	0	0	1	1	0	0	1	1	0	0	0	0	0	0	0	0	1	1	0	0	0
0	0	0	0	0	1	0	0	0	0	0	1	1	0	0	1	1	0	0	0	0	0	1	1	0	0	0	0	0	1	1	0	0	1	1	0	0	1	1	0	0	0	0	0	0	0	0	1	1	0	0	0
0	1	1	0	0	0	0	0	0	1	1	0	0	0	0	1	1	0	0	1	1	0	0	0	1	1	0	0	0	0	0	1	1	0	0	0	1	0	0	0	0	0	0	0	0	1	1	0	0	0	0	0
0	0	0	0	0	0	0	1	1	0	0	0	0	1	1	0	0	1	0	0	0	0	1	1	0	0	0	0	0	1	1	0	0	1	1	0	0	0	0	0	0	0	0	1	1	0	0	0	0	1	1	0
人々はトーナメントが始まる何ヶ月も前に、これらの入場券を買う。
sil	h	i	t	o	b	i	t	o	w	a	t	o	o	n	a	m	e	N	t	o	g	a	h	a	j	i	m	a	r	u	n	a	N	k	a	g	e	ts	u	m	o	m	a	e	n	i	pau	k	o	r	e	r	a	n	o	ny	u	u	j	o	o	k	e	N	o	k	a	u	sil
0	0	0	1	1	0	0	0	0	0	0	1	1	0	0	0	0	0	0	0	0	0	0	0	0	1	1	0	0	0	0	0	0	1	0	0	0	0	0	0	0	0	1	1	0	0	0	0	0	0	1	1	0	0	0	0	0	0	1	0	0	0	0	0	0	0	0	0	1	0
0	0	0	1	1	0	0	0	0	0	0	1	1	0	0	0	0	0	0	0	0	0	0	0	0	0	0	0	0	1	1	0	0	0	1	1	0	0	0	0	0	0	1	1	0	0	0	0	0	0	1	1	0	0	0	0	0	0	0	0	0	1	0	0	0	0	0	0	1	0
0	1	1	0	0	0	0	0	0	0	0	1	1	0	0	0	0	0	0	0	0	0	0	1	1	0	0	0	0	0	0	1	1	0	0	0	0	0	0	0	0	0	1	1	0	0	0	0	1	1	0	0	0	0	0	0	1	1	0	0	0	0	0	0	0	0	1	1	0	0
0	0	0	0	0	0	0	0	0	1	1	0	0	0	0	0	0	0	0	0	0	1	1	0	0	0	0	0	0	1	1	0	0	0	0	0	0	0	0	0	1	1	0	0	0	1	1	0	0	0	0	0	0	0	1	1	0	0	0	0	0	0	0	0	0	1	0	0	1	0
彼女の魅力は言葉では表現できない、とその芸術家は叫んだ。
sil	k	a	n	o	j	o	n	o	m	i	ry	o	k	u	w	a	k	o	t	o	b	a	d	e	w	a	hy	o	o	g	e	N	d	e	k	i	n	a	i	pau	t	o	s	o	n	o	g	e	e	j	u	ts	u	k	a	w	a	s	a	k	e	N	d	a	sil
0	1	1	0	0	0	0	0	0	0	0	1	1	0	0	0	0	0	0	1	1	0	0	0	0	0	0	0	0	1	0	0	0	0	0	1	1	0	0	0	0	1	1	0	0	1	1	0	0	1	0	0	0	0	0	0	0	0	0	0	1	1	0	0	0	0
0	1	1	0	0	0	0	0	0	0	0	0	0	0	0	1	1	0	0	0	0	1	1	0	0	0	0	0	0	0	1	1	0	0	0	1	1	0	0	0	0	1	1	0	0	1	1	0	0	0	0	0	1	1	0	0	0	0	0	0	1	1	0	0	0	0
0	1	1	0	0	0	0	0	0	1	1	0	0	0	0	0	0	1	1	0	0	0	0	0	0	0	0	1	1	0	0	0	0	1	1	0	0	0	0	0	0	1	1	1	1	0	0	1	1	0	0	0	0	0	0	0	0	0	1	1	0	0	0	0	0	0
0	0	0	0	0	0	0	1	1	0	0	0	0	0	0	1	1	0	0	0	0	0	0	0	0	1	1	0	0	0	0	0	1	0	0	0	0	0	0	1	0	1	1	0	0	1	1	0	0	0	0	0	0	0	0	0	1	1	0	0	0	0	0	1	1	0
事象として簡単なことを、いかにも難しそうに表現する人は、あまり頭がよさそうではない。
sil	j	i	sh	o	o	t	o	sh	i	t	e	k	a	N	t	a	N	n	a	k	o	t	o	o	pau	i	k	a	n	i	m	o	m	u	z	u	k	a	sh	i	s	o	o	n	i	hy	o	o	g	e	N	s	u	r	u	h	i	t	o	w	a	pau	a	m	a	r	i	a	t	a	m	a	g	a	y	o	s	a	s	o	o	d	e	w	a	n	a	i	sil
0	0	0	1	1	0	0	0	0	0	1	1	0	0	1	0	0	0	0	0	0	0	1	1	0	0	0	1	1	0	0	0	0	0	0	1	1	0	0	0	0	0	0	0	0	0	0	0	1	0	0	0	0	0	1	1	0	0	1	1	0	0	0	0	1	1	0	0	0	1	1	0	0	0	0	0	0	1	1	0	0	0	0	0	0	0	0	0	0	0
0	0	0	0	0	0	1	1	0	0	1	1	0	0	0	0	0	0	1	1	0	0	1	1	0	0	0	1	1	0	0	0	0	0	0	0	0	0	0	1	1	0	0	0	0	0	0	0	0	1	1	0	0	0	1	1	0	0	0	0	1	1	0	0	0	0	1	1	0	0	0	1	1	0	0	0	0	1	1	0	0	0	0	0	0	0	0	0	0	0
0	1	1	0	0	0	0	0	1	1	0	0	1	1	0	0	0	0	0	0	1	1	0	0	0	0	1	0	0	0	0	0	0	1	1	0	0	0	0	0	0	0	0	0	0	0	1	1	0	0	0	0	1	1	0	0	1	1	0	0	0	0	0	1	0	0	0	0	1	0	0	0	0	0	0	1	1	0	0	0	0	0	0	0	0	0	0	0	0	0
0	0	0	0	0	0	1	1	0	0	1	1	0	0	0	0	0	0	1	1	0	0	0	0	1	0	0	0	0	0	0	1	1	0	0	0	0	0	0	0	0	0	0	0	1	1	0	0	0	0	0	1	0	0	1	1	0	0	0	0	1	1	0	0	0	0	1	1	0	0	0	0	0	1	1	0	0	0	0	0	0	0	0	0	0	0	0	0	1	0
デザインも、アーチ型のロゴデザインにより、現代的で登場感、躍動感あるものに仕上げました。
sil	d	e	z	a	i	N	m	o	pau	a	a	ch	i	g	a	t	a	n	o	r	o	g	o	d	e	z	a	i	N	n	i	y	o	r	i	pau	g	e	N	d	a	i	t	e	k	i	d	e	t	o	o	j	o	o	k	a	N	pau	y	a	k	u	d	o	o	k	a	N	a	r	u	m	o	n	o	n	i	sh	i	a	g	e	m	a	sh	i	t	a	sil
0	0	0	1	1	0	0	0	0	0	0	1	0	0	0	0	0	0	0	0	0	0	1	1	0	0	0	0	0	0	0	0	1	1	0	0	0	0	0	1	0	0	0	0	0	0	0	0	0	0	0	1	0	0	0	0	0	0	0	0	0	1	1	0	0	0	0	0	0	1	0	0	0	0	1	1	0	0	0	0	1	0	0	0	0	0	0	0	0	0
0	0	0	1	1	0	0	0	0	0	0	0	0	0	0	0	0	0	1	1	0	0	0	0	0	0	1	1	0	0	0	0	1	1	0	0	0	0	0	0	0	0	1	0	0	0	0	0	0	0	0	0	0	0	1	0	0	0	0	0	0	0	0	0	0	1	0	0	0	1	0	0	0	0	1	1	0	0	0	0	0	0	0	1	1	0	0	0	0	0
0	1	1	0	0	0	0	0	0	0	1	0	0	0	0	0	0	0	0	0	1	1	0	0	0	0	0	0	0	0	0	0	1	1	0	0	0	1	1	0	0	0	0	0	0	0	0	0	0	1	1	0	0	0	0	0	0	0	0	1	1	0	0	0	0	0	0	0	0	1	0	0	1	1	0	0	0	0	1	1	0	0	0	0	0	0	0	0	0	0
0	0	0	0	0	0	0	1	1	0	0	0	0	0	0	0	0	0	1	1	0	0	0	0	0	0	0	0	0	0	1	1	0	0	1	1	0	0	0	0	0	0	0	0	0	0	0	1	1	0	0	0	0	0	0	0	0	1	0	0	0	0	0	0	0	0	0	0	1	0	1	1	0	0	0	0	1	1	0	0	0	0	0	0	0	0	0	1	1	0
そんなに慌てて運転して、一体どこへ行こうってんだよ。
sil	s	o	N	n	a	n	i	a	w	a	t	e	t	e	u	N	t	e	N	sh	i	t	e	pau	i	cl	t	a	i	d	o	k	o	e	i	k	o	o	cl	t	e	N	d	a	y	o	sil
0	0	0	1	0	0	0	0	0	1	1	0	0	0	0	0	1	0	0	0	0	0	1	1	0	0	1	0	0	0	1	1	0	0	0	0	1	1	0	0	0	0	1	0	0	0	0	0
0	0	0	0	0	0	1	1	0	0	0	0	0	1	1	0	0	0	0	1	0	0	1	1	0	0	0	0	0	1	1	1	0	0	0	0	0	0	0	0	1	1	1	0	0	0	0	0
0	1	1	0	0	0	0	0	1	0	0	0	0	0	0	1	0	0	0	0	1	1	0	0	0	1	0	0	0	0	1	1	0	0	0	1	0	0	0	0	0	0	1	0	0	0	0	0
0	0	0	0	0	0	1	1	0	0	0	0	0	1	1	0	0	0	0	1	0	0	1	1	0	0	0	0	0	1	0	0	0	0	1	0	0	0	0	0	1	1	0	0	0	1	1	0
時間はあるんだから、安全運転してくれよ。
sil	j	i	k	a	N	w	a	a	r	u	N	d	a	k	a	r	a	pau	a	N	z	e	N	u	N	t	e	N	sh	i	t	e	k	u	r	e	y	o	sil
0	0	0	1	1	0	0	0	1	0	0	1	0	0	0	0	0	0	0	0	1	0	0	0	0	1	0	0	0	0	0	1	1	0	0	1	1	0	0	0
0	0	0	0	0	0	1	1	1	0	0	1	0	0	0	0	0	0	0	0	0	0	0	1	0	0	0	0	1	0	0	1	1	0	0	0	0	1	1	0
0	1	1	0	0	0	0	0	1	0	0	1	0	0	0	0	0	0	0	1	0	0	0	0	1	0	0	0	0	1	1	0	0	1	1	0	0	0	0	0
0	0	0	0	0	0	1	1	0	1	1	0	0	0	0	0	1	1	0	0	0	0	0	1	0	0	0	0	1	0	0	1	1	0	0	0	0	1	1	0
ディスプレイはモニタともいい、コンピュータなどの機器から出力される静止画、または動画の映像信号を表示する機器である。
sil	d	i	s	u	p	u	r	e	i	w	a	m	o	n	i	t	a	t	o	m	o	i	i	pau	k	o	N	py	u	u	t	a	n	a	d	o	n	o	k	i	k	i	k	a	r	a	sh	u	ts	u	ry	o	k	u	s	a	r	e	r	u	s	e	e	sh	i	g	a	pau	m	a	t	a	w	a	d	o	o	g	a	n	o	e	e	z	o	o	sh	i	N	g	o	o	o	hy	o	o	j	i	s	u	r	u	k	i	k	i	d	e	a	r	u	sil
0	0	0	1	1	0	0	0	0	0	0	0	1	1	0	0	0	0	0	0	0	0	1	0	0	0	0	1	0	0	0	0	0	0	0	0	0	0	0	1	1	0	0	0	0	0	0	0	0	1	1	0	0	0	0	0	0	1	1	0	0	0	0	1	0	0	0	0	0	0	0	1	1	0	0	0	0	1	0	0	0	0	0	1	0	0	0	0	0	0	0	0	0	0	0	0	1	0	0	0	0	1	1	1	1	0	0	0	0	0	0	0	0
0	0	0	0	0	0	0	1	1	0	0	0	1	1	0	0	0	0	0	0	0	0	1	0	0	0	0	0	1	1	0	0	0	0	0	0	0	0	0	1	1	0	0	0	0	0	0	0	0	1	1	0	0	0	0	0	0	0	0	1	1	0	0	0	0	0	1	1	0	0	0	1	1	0	0	0	0	0	0	0	1	1	0	0	0	0	0	1	1	0	0	0	0	0	0	0	0	1	1	0	0	1	1	1	1	0	0	0	0	0	0	0	0
0	1	1	0	0	0	0	0	0	0	0	0	1	1	0	0	0	0	0	0	0	0	1	0	0	1	1	0	0	0	0	0	0	0	0	0	0	0	0	1	1	0	0	0	0	0	0	1	1	0	0	0	0	0	0	1	1	0	0	0	0	1	1	0	0	0	0	0	0	1	1	0	0	0	0	1	1	0	0	0	0	0	1	0	0	0	0	0	0	0	0	0	0	0	1	1	0	0	0	1	1	0	0	1	1	0	0	0	0	0	0	0	0
0	0	0	0	0	0	0	0	0	0	1	1	0	0	0	0	0	0	0	0	1	1	0	1	0	0	0	0	0	0	0	0	0	0	0	0	0	1	1	0	0	0	0	0	0	1	1	0	0	0	0	0	0	1	1	0	0	0	0	1	1	0	0	0	0	0	1	1	0	0	0	0	0	1	1	0	0	0	0	0	1	1	0	0	0	0	0	0	0	0	0	0	0	1	0	0	0	1	1	0	0	1	1	0	0	0	0	0	0	0	1	1	0
撃ち合いが少し静まったとき、パパが走ってフラットに行って、私たちにサンドイッチを持ってきてくれたわ。
sil	u	ch	i	a	i	g	a	s	u	k	o	sh	i	sh	i	z	u	m	a	cl	t	a	t	o	k	i	pau	p	a	p	a	g	a	h	a	sh	i	cl	t	e	f	u	r	a	cl	t	o	n	i	i	cl	t	e	pau	w	a	t	a	sh	i	t	a	ch	i	n	i	s	a	N	d	o	i	cl	ch	i	o	m	o	cl	t	e	k	i	t	e	k	u	r	e	t	a	w	a	sil
0	0	1	1	0	0	0	0	0	0	1	1	0	0	0	0	1	1	0	0	0	0	0	1	1	0	0	0	1	1	0	0	0	0	0	0	1	1	0	0	0	0	0	1	1	0	0	0	0	0	0	1	0	0	0	0	0	1	1	0	0	0	0	0	0	0	0	0	0	1	0	0	0	0	0	0	0	1	1	0	0	0	1	1	0	0	0	0	1	1	0	0	0	0	0
0	0	0	0	0	0	1	1	0	0	1	1	0	0	0	0	0	0	1	1	0	0	0	1	1	0	0	0	1	1	0	0	0	0	0	0	1	1	0	0	0	0	0	1	1	0	0	0	0	0	0	0	1	1	0	0	0	0	0	1	1	0	0	0	0	0	0	0	0	0	0	0	1	0	0	0	0	1	1	0	0	0	1	1	0	0	0	0	0	0	1	1	0	0	0
0	1	0	0	0	0	0	0	1	1	0	0	0	0	1	1	0	0	0	0	0	0	0	1	1	0	0	0	1	1	0	0	0	0	1	1	0	0	0	0	0	1	1	0	0	0	0	0	0	0	1	0	0	0	0	1	1	0	0	0	0	0	0	0	0	0	0	1	1	0	0	0	0	0	0	0	0	1	1	0	0	0	1	1	0	0	1	1	0	0	0	0	0	0	0
0	0	0	0	0	0	1	1	0	0	0	0	1	1	0	0	0	0	0	0	0	1	1	0	0	1	1	0	0	0	0	0	1	1	0	0	0	0	0	1	1	0	0	0	0	0	0	0	1	1	0	0	1	1	0	0	0	0	0	0	0	0	0	0	0	1	1	0	0	0	0	0	0	0	0	0	1	0	0	0	1	1	0	0	1	1	0	0	0	0	0	0	1	1	0
ギリシャのフットボールの試合では、一方のチームの選手は、相手チームの陣地のラインの向こう側にボールを持ち込もうとしたのです。
sil	g	i	r	i	sh	a	n	o	f	u	cl	t	o	b	o	o	r	u	n	o	sh	i	a	i	d	e	w	a	pau	i	cl	p	o	o	n	o	ch	i	i	m	u	n	o	s	e	N	sh	u	w	a	pau	a	i	t	e	ch	i	i	m	u	n	o	j	i	N	ch	i	n	o	r	a	i	N	n	o	m	u	k	o	o	g	a	w	a	n	i	b	o	o	r	u	o	m	o	ch	i	k	o	m	o	o	t	o	sh	i	t	a	n	o	d	e	s	u	sil
0	1	1	0	0	0	0	0	0	0	0	1	0	0	0	0	0	0	0	0	0	0	0	1	0	0	0	0	0	0	0	1	0	0	0	0	0	1	1	0	0	0	0	0	1	1	0	0	0	0	0	0	0	1	0	0	0	0	0	0	0	0	0	1	1	0	0	0	0	0	1	1	0	0	0	0	0	0	1	1	0	0	0	0	0	0	0	0	0	1	0	0	0	0	0	1	1	0	0	0	0	0	0	0	0	0	1	1	0	0	1	1	0	0	0
0	1	1	0	0	0	0	0	0	0	0	0	0	0	1	1	0	0	0	0	0	0	0	0	0	0	0	1	1	0	0	0	1	1	0	0	0	1	1	0	0	0	0	0	1	1	0	0	0	0	0	0	0	0	0	0	1	1	0	0	0	0	0	1	1	0	0	0	0	0	1	1	0	0	0	0	0	0	0	0	0	0	0	0	0	1	1	0	0	0	0	0	1	0	0	0	0	1	1	0	0	0	0	0	0	0	1	1	0	0	1	1	0	0	0
0	1	1	0	0	0	0	0	0	1	1	0	0	0	0	0	0	0	0	0	0	1	1	0	0	0	0	0	0	0	1	0	0	0	0	0	0	1	1	0	0	0	0	0	1	1	0	0	0	0	0	0	1	0	0	0	0	0	0	0	0	0	0	1	1	0	0	0	0	0	1	1	0	0	0	0	1	1	0	0	0	0	0	0	0	0	0	1	1	0	0	0	0	1	1	0	0	0	0	0	0	0	0	0	1	1	0	0	1	1	0	0	0	0	0
0	0	0	0	0	0	0	1	1	0	0	0	0	0	0	0	0	0	0	1	1	0	0	0	0	0	0	1	1	0	0	0	0	0	0	1	1	0	0	0	0	0	1	1	0	0	0	0	0	1	1	0	0	0	0	0	0	0	0	0	0	1	1	0	0	0	0	0	1	1	0	0	0	0	1	1	0	0	0	0	0	0	0	0	0	1	1	0	0	0	0	0	1	0	0	0	0	0	0	0	0	0	1	1	0	0	1	1	0	0	0	0	1	1	0
泳者のシンディー・ニコラスは、へとへとになって泳ぎ切った後、ドーバーでかろうじて陸に上がってきたが、海峡水泳協会のスポークスマンは、彼女がとても元気であると発表した。
sil	e	e	sh	a	n	o	sh	i	N	d	i	i	n	i	k	o	r	a	s	u	w	a	pau	h	e	t	o	h	e	t	o	n	i	n	a	cl	t	e	o	y	o	g	i	k	i	cl	t	a	a	t	o	pau	d	o	o	b	a	a	d	e	k	a	r	o	o	j	i	t	e	r	i	k	u	n	i	a	g	a	cl	t	e	k	i	t	a	g	a	pau	k	a	i	ky	o	o	s	u	i	e	e	ky	o	o	k	a	i	n	o	s	u	p	o	o	k	u	s	u	m	a	N	w	a	pau	k	a	n	o	j	o	g	a	t	o	t	e	m	o	g	e	N	k	i	d	e	a	r	u	t	o	h	a	cl	py	o	o	sh	i	t	a	sil
0	1	0	0	0	0	0	0	0	1	0	0	0	0	0	0	0	0	0	0	0	0	0	0	0	0	1	1	0	0	0	0	0	0	1	1	0	0	0	0	1	1	0	0	0	0	0	0	0	1	0	0	0	1	1	0	0	0	0	0	0	0	0	1	1	0	0	0	0	0	0	0	1	1	0	0	0	1	1	0	0	0	1	1	0	0	0	0	0	0	0	1	0	0	0	0	0	0	0	0	0	0	0	0	0	0	0	0	0	0	1	1	0	0	0	0	0	0	0	0	0	0	0	1	1	0	0	0	0	0	0	0	0	1	1	0	0	1	1	0	0	0	0	0	0	0	0	0	0	0	0	1	0	0	0	0	0	1	1	0
0	1	0	0	0	0	0	0	0	0	0	0	0	0	0	0	0	0	0	0	0	1	1	0	0	0	0	0	0	0	0	0	1	1	1	1	0	0	0	0	1	1	0	0	0	0	0	0	0	1	0	0	0	1	1	0	0	0	0	0	0	0	0	0	0	0	0	0	1	1	0	0	0	0	1	1	0	0	0	0	1	1	1	1	0	0	0	0	0	0	0	0	0	0	0	0	0	0	0	0	1	1	0	0	0	0	0	0	0	0	1	1	0	0	0	0	0	0	0	0	0	0	0	1	1	0	0	0	0	0	0	0	0	0	0	1	1	1	1	0	0	0	0	0	0	0	0	0	0	0	0	0	0	0	1	0	0	1	1	0
0	1	0	0	0	0	0	1	1	0	0	0	0	0	0	0	0	0	0	0	0	0	0	0	1	1	0	0	0	0	0	0	0	0	1	1	0	0	0	1	0	0	0	0	0	0	0	0	0	1	0	0	0	1	1	0	0	0	0	0	0	1	1	0	0	0	0	0	0	0	1	1	0	0	0	0	1	0	0	0	0	0	1	1	0	0	0	0	0	1	1	0	0	0	0	0	0	0	0	0	0	0	0	0	0	0	0	0	1	1	0	0	0	0	0	0	0	0	0	0	0	0	0	1	1	0	0	0	0	0	0	1	1	0	0	0	0	1	1	0	0	0	0	0	0	0	0	0	0	1	1	0	0	0	0	1	1	0	0	0
0	0	0	0	0	1	1	0	0	0	0	0	0	0	0	0	0	0	0	0	0	1	1	0	0	0	0	0	0	0	0	0	1	1	0	0	0	1	1	0	0	0	0	0	0	0	0	1	1	0	1	1	0	0	0	0	0	0	0	1	1	0	0	0	0	0	0	0	1	1	0	0	0	0	1	1	0	0	0	0	1	1	0	0	0	0	1	1	0	0	0	0	0	0	0	0	0	0	0	0	0	0	0	0	0	0	1	1	0	0	0	0	0	0	0	0	0	0	0	0	1	1	0	0	0	0	0	0	0	1	1	0	0	0	0	1	1	0	0	0	0	0	0	0	0	0	0	1	1	0	0	0	0	0	1	0	0	1	1	0
若い男女が人里離れた洋館で恐怖の一夜を過ごすという、ホラーの定番スタイルだ。
sil	w	a	k	a	i	d	a	N	j	o	g	a	h	i	t	o	z	a	t	o	h	a	n	a	r	e	t	a	y	o	o	k	a	N	d	e	ky	o	o	f	u	n	o	i	ch	i	y	a	o	s	u	g	o	s	u	t	o	y	u	u	pau	h	o	r	a	a	n	o	t	e	e	b	a	N	s	u	t	a	i	r	u	d	a	sil
0	0	0	1	1	0	1	1	0	0	0	0	0	0	0	1	1	0	0	0	0	1	1	0	0	0	0	0	0	0	0	1	0	0	0	0	0	1	1	0	0	0	0	0	0	1	1	0	0	0	0	0	1	1	0	0	0	0	0	0	1	0	1	1	0	0	0	0	0	0	0	1	0	0	0	0	0	0	0	0	0	0	0	0	0
0	0	0	1	1	0	1	1	0	0	0	0	0	0	0	0	0	0	0	1	1	1	1	0	0	0	0	0	0	0	0	0	0	0	0	1	1	1	1	0	0	0	0	0	0	1	1	0	0	0	0	0	1	1	0	0	0	0	0	0	1	0	1	1	0	0	0	0	0	0	0	0	0	0	0	0	0	1	1	0	0	0	0	0	0
0	1	1	0	0	0	1	1	0	0	0	0	0	1	1	0	0	0	0	0	0	1	1	0	0	0	0	0	0	1	1	0	0	0	0	0	0	1	1	0	0	0	0	0	1	0	0	0	0	0	1	1	0	0	0	0	0	0	1	1	0	0	1	1	0	0	0	0	0	1	1	0	0	0	0	0	0	0	0	0	0	0	0	0	0
0	0	0	0	0	1	0	0	0	0	0	1	1	0	0	0	0	0	0	1	1	0	0	0	0	0	0	1	1	0	0	0	0	0	0	1	1	0	0	0	0	0	1	1	0	0	0	0	0	1	0	0	0	0	0	0	1	1	0	0	1	0	0	0	0	0	0	1	1	0	0	0	0	0	0	0	0	0	0	0	0	0	1	1	0
一つには、西洋人ではない人々が自分たち独自の文化に誇りを持ち始めてきたためと、また一つには、フォークを使わないそれらの地域は最も高い出生率の地域を抱えているという理由から、このことは当たっている。
sil	h	i	t	o	ts	u	n	i	w	a	pau	s	e	e	y	o	o	j	i	N	d	e	w	a	n	a	i	h	i	t	o	b	i	t	o	g	a	j	i	b	u	N	t	a	ch	i	d	o	k	u	j	i	n	o	b	u	N	k	a	n	i	h	o	k	o	r	i	o	m	o	ch	i	h	a	j	i	m	e	t	e	k	i	t	a	t	a	m	e	t	o	pau	m	a	t	a	h	i	t	o	ts	u	n	i	w	a	pau	f	o	o	k	u	o	ts	u	k	a	w	a	n	a	i	s	o	r	e	r	a	n	o	ch	i	i	k	i	w	a	m	o	cl	t	o	m	o	t	a	k	a	i	sh	u	cl	sh	o	o	r	i	ts	u	n	o	ch	i	i	k	i	o	k	a	k	a	e	t	e	i	r	u	t	o	y	u	u	r	i	y	u	u	k	a	r	a	pau	k	o	n	o	k	o	t	o	w	a	a	t	a	cl	t	e	i	r	u	sil
0	0	0	1	1	0	0	0	0	0	0	0	0	0	1	0	0	0	0	0	0	0	0	0	0	1	1	0	0	0	1	1	0	0	0	0	0	0	0	0	1	1	0	0	0	0	0	1	1	0	0	0	0	0	0	1	1	0	0	0	0	0	0	0	1	1	0	0	0	0	0	1	1	0	0	0	0	0	0	0	0	1	1	0	0	0	0	1	1	0	0	0	0	0	1	1	0	0	1	1	0	0	0	0	0	0	0	1	1	0	0	0	0	0	0	1	1	0	0	0	0	0	0	0	1	1	0	0	0	0	1	1	0	0	0	0	0	0	0	1	0	0	0	0	0	0	1	1	0	0	0	1	0	0	0	0	0	0	0	0	0	1	1	0	0	0	0	0	0	1	1	0	0	0	0	1	1	0	0	0	0	1	0	0	1	1	0	0	0	0	0	0	0	0	1	1	0	0	1	1	0	0	0	1	1	0	0	0	0	1	1	0
0	0	0	1	1	0	0	0	0	0	0	0	0	0	0	0	0	1	0	0	0	0	0	0	0	1	1	0	0	0	1	1	0	0	0	0	0	0	0	0	0	0	1	0	0	0	0	1	1	0	0	0	0	0	0	1	1	0	0	0	0	0	0	0	0	0	0	0	1	0	0	1	1	0	0	0	0	0	0	0	0	1	1	0	0	0	0	1	1	0	0	0	0	0	1	1	0	0	1	1	0	0	0	0	0	0	0	1	1	0	0	0	0	0	0	0	0	0	0	0	0	1	0	0	0	0	0	0	1	1	1	1	0	0	0	0	0	0	0	0	1	1	0	0	0	0	1	1	0	0	0	0	0	0	1	0	0	0	0	0	0	1	1	0	0	0	0	0	0	0	0	0	1	1	0	0	0	1	1	0	0	1	0	0	0	0	0	0	0	1	1	0	0	0	1	1	0	0	1	1	0	0	0	0	0	0	1	1	0	1	1	0
0	1	1	0	0	0	0	0	0	0	0	0	1	1	0	0	0	0	0	0	0	0	0	0	0	1	1	0	1	1	0	0	0	0	0	0	0	0	1	1	0	0	0	0	0	0	0	1	1	0	0	0	0	0	0	1	1	0	0	0	0	0	1	1	0	0	0	0	0	1	1	0	0	0	0	0	0	0	0	0	0	1	1	0	0	1	1	0	0	0	0	0	1	1	0	0	1	1	0	0	0	0	0	0	0	0	0	1	1	0	0	0	0	1	1	0	0	0	0	0	0	0	1	1	0	0	0	0	0	0	1	1	0	0	0	0	0	1	1	0	0	0	0	0	1	1	0	0	0	1	1	0	0	0	0	0	0	0	0	0	0	1	1	0	0	0	0	1	1	0	0	0	0	0	1	0	0	0	0	1	1	0	1	1	0	0	0	0	0	0	0	0	1	1	0	0	1	1	0	0	0	0	1	0	0	0	0	0	1	0	0	0
0	0	0	0	0	0	0	0	0	1	1	0	0	0	0	0	0	0	0	0	0	0	0	1	1	0	0	1	0	0	0	0	0	0	0	0	1	1	0	0	0	0	0	0	0	1	1	0	0	0	0	0	0	1	1	0	0	0	0	0	1	1	0	0	0	0	0	0	1	0	0	0	0	0	0	0	0	0	0	1	1	0	0	1	1	0	0	0	0	1	1	0	0	0	1	1	0	0	0	0	0	0	0	0	1	1	0	0	0	0	0	0	1	0	0	0	0	0	0	0	0	1	0	0	0	0	0	0	1	1	0	0	0	0	0	1	1	0	0	0	0	0	1	1	0	0	0	0	1	0	0	0	0	0	0	0	0	0	0	1	1	0	0	0	0	0	1	0	0	0	0	0	1	1	0	0	0	1	1	0	0	1	0	0	0	0	0	0	0	1	1	0	0	0	1	1	0	0	0	0	1	1	0	0	0	0	1	1	0	1	1	0
私たちは恐怖の中で生きていて、苦しんでいるの。
sil	w	a	t	a	sh	i	t	a	ch	i	w	a	ky	o	o	f	u	n	o	n	a	k	a	d	e	i	k	i	t	e	i	t	e	pau	k	u	r	u	sh	i	N	d	e	i	r	u	n	o	sil
0	0	0	1	1	0	0	0	0	0	0	0	0	1	1	0	0	0	0	0	1	1	0	0	0	0	0	1	1	0	0	0	1	1	0	0	0	1	1	0	0	0	0	0	0	1	1	0	0	0
0	0	0	0	0	1	1	0	0	0	0	0	0	1	1	0	0	0	0	0	1	1	0	0	0	0	0	1	1	0	0	0	1	1	0	0	0	0	0	1	1	0	0	0	0	1	1	0	0	0
0	1	1	0	0	0	0	0	0	0	0	0	0	1	1	0	0	0	0	0	1	1	0	0	0	0	1	0	0	0	0	1	0	0	0	1	1	0	0	0	0	0	0	0	1	0	0	0	0	0
0	0	0	0	0	0	0	0	0	0	0	1	1	0	0	0	0	0	1	1	0	0	0	0	1	1	0	0	0	1	1	0	1	1	0	0	0	0	0	0	0	0	1	1	0	0	0	1	1	0
太陽も花も楽しめないし、私たちの子供時代も楽しめないのよ。
sil	t	a	i	y	o	o	m	o	h	a	n	a	m	o	t	a	n	o	sh	i	m	e	n	a	i	sh	i	pau	w	a	t	a	sh	i	t	a	ch	i	n	o	k	o	d	o	m	o	j	i	d	a	i	m	o	t	a	n	o	sh	i	m	e	n	a	i	n	o	y	o	sil
0	1	1	0	0	0	0	0	0	0	0	1	1	0	0	0	0	1	1	0	0	0	0	0	0	0	0	0	0	0	0	1	1	0	0	0	0	0	0	0	0	0	0	1	1	0	0	0	0	0	0	0	0	0	0	0	1	1	0	0	0	0	0	0	0	0	0	0	0	0
0	1	1	0	0	0	0	0	0	0	0	1	1	0	0	0	0	0	0	0	0	1	1	0	0	0	0	0	0	0	0	0	0	1	1	0	0	0	0	0	0	0	0	0	0	0	0	1	1	0	0	0	0	0	0	0	0	0	0	0	1	1	0	0	0	0	0	0	0	0
0	1	1	0	0	0	0	0	0	1	1	0	0	0	0	1	1	0	0	0	0	0	0	0	0	0	0	0	0	1	1	0	0	0	0	0	0	0	0	0	0	1	1	0	0	0	0	0	0	0	0	0	0	0	1	1	0	0	0	0	0	0	0	0	0	0	0	0	0	0
0	0	0	0	0	0	0	1	1	0	0	0	0	1	1	0	0	0	0	0	0	0	0	0	0	0	1	1	0	0	0	0	0	0	0	0	0	0	0	1	1	0	0	0	0	0	0	0	0	0	0	0	1	1	0	0	0	0	0	0	0	0	0	0	0	0	0	1	1	0
弊社のエンジニアが日本国内で販売されている同様の製品と仕様を比較した結果、非常に競合力があると判断いたしました。
sil	h	e	e	sh	a	n	o	e	N	j	i	n	i	a	g	a	n	i	h	o	N	k	o	k	u	n	a	i	d	e	h	a	N	b	a	i	s	a	r	e	t	e	i	r	u	d	o	o	y	o	o	n	o	s	e	e	h	i	N	t	o	sh	i	y	o	o	o	h	i	k	a	k	u	sh	i	t	a	k	e	cl	k	a	pau	h	i	j	o	o	n	i	ky	o	o	g	o	o	ry	o	k	u	g	a	a	r	u	t	o	h	a	N	d	a	N	i	t	a	sh	i	m	a	sh	i	t	a	sil
0	1	1	0	0	0	0	0	0	1	0	0	0	0	0	0	0	0	0	0	0	0	0	0	0	0	0	0	0	0	0	0	0	1	0	0	0	0	0	1	1	0	0	0	1	1	0	0	1	0	0	0	0	0	0	0	1	0	0	0	0	0	0	0	1	1	0	0	0	0	1	1	0	0	0	0	1	1	0	0	1	0	0	0	0	0	1	1	0	0	0	0	0	1	0	0	0	0	0	0	0	0	0	1	0	0	0	0	1	1	0	0	0	0	0	1	1	0	0	0	0	0	0	0	0	0
0	1	1	0	0	0	0	0	0	0	1	1	0	0	0	0	0	0	0	0	0	0	0	0	1	1	0	0	0	0	0	0	0	0	0	0	1	0	0	0	0	1	1	0	1	1	0	0	0	0	0	0	1	1	0	0	0	0	0	0	1	1	0	0	0	0	0	1	0	0	0	0	1	1	0	0	1	1	0	0	0	1	1	0	0	0	0	0	0	1	1	0	0	0	0	0	0	1	1	0	0	0	0	1	0	0	0	0	1	1	0	0	0	0	0	0	0	0	0	1	1	0	0	0	0	0
0	1	1	0	0	0	0	0	1	0	0	0	0	0	0	0	0	1	1	0	0	0	0	0	0	0	0	0	0	0	0	1	1	0	0	0	0	1	1	0	0	0	0	1	0	0	1	1	0	0	0	0	0	0	1	1	0	0	0	0	0	0	1	1	0	0	0	0	1	1	0	0	0	0	1	1	0	0	1	1	0	0	0	0	1	1	0	0	0	0	0	1	1	0	0	0	0	0	0	0	0	0	0	1	0	0	0	0	1	1	0	0	0	0	1	0	0	0	0	0	0	0	0	0	0	0
0	0	0	0	0	0	1	1	0	0	0	0	0	0	0	1	1	0	0	0	0	0	0	0	0	0	0	0	0	1	1	0	0	0	0	0	1	0	0	0	0	1	1	0	1	1	0	0	0	0	0	0	1	1	0	0	0	0	0	0	1	1	0	0	0	0	0	1	0	0	0	0	1	1	0	0	1	1	0	0	0	1	1	0	0	0	0	0	0	1	1	0	0	0	0	0	0	0	0	0	0	1	1	0	0	0	1	1	0	0	0	0	0	1	0	0	0	0	0	0	0	0	0	1	1	0
ノースウエスタン大学の研究者、アイリーン・ペパーバーグは、オウムは人の口まねをするだけでなく言葉の意味を学ぶことができることを発見しつつある。
sil	n	o	o	s	u	u	e	s	u	t	a	N	d	a	i	g	a	k	u	n	o	k	e	N	ky	u	u	sh	a	pau	a	i	r	i	i	N	p	e	p	a	a	b	a	a	g	u	w	a	pau	o	o	m	u	w	a	h	i	t	o	n	o	k	u	ch	i	m	a	n	e	o	s	u	r	u	d	a	k	e	d	e	n	a	k	u	k	o	t	o	b	a	n	o	i	m	i	o	m	a	n	a	b	u	k	o	t	o	g	a	d	e	k	i	r	u	k	o	t	o	o	h	a	cl	k	e	N	sh	i	ts	u	ts	u	a	r	u	sil
0	1	1	0	0	0	0	1	0	0	0	0	0	0	0	0	0	0	0	0	0	0	0	0	1	0	0	0	0	0	0	0	1	0	0	0	0	0	0	1	1	0	0	0	0	0	0	0	0	0	1	0	0	0	0	0	0	0	1	1	0	0	0	0	1	1	0	0	0	0	0	0	0	1	1	0	0	0	0	0	0	0	0	0	0	0	0	1	1	0	0	0	0	1	0	0	0	0	0	1	1	0	0	0	0	1	1	0	0	0	0	1	1	0	0	0	0	1	1	0	0	0	1	0	0	0	0	0	1	1	0	0	1	0	0	0
0	1	1	0	0	0	0	0	0	0	0	0	0	1	1	0	0	0	0	0	0	0	0	0	0	0	0	0	1	1	0	0	0	1	1	0	0	0	0	0	0	0	0	0	0	0	0	1	1	0	1	0	0	0	0	0	0	0	0	0	1	1	0	0	0	0	0	0	0	0	1	0	0	0	0	0	0	0	0	0	0	0	0	1	1	0	0	0	0	1	1	0	0	1	0	0	0	0	0	0	0	1	1	0	0	1	1	0	0	0	0	1	1	0	0	0	0	1	1	0	0	0	0	0	0	1	0	0	1	1	0	0	1	0	0	0
0	1	1	0	0	0	1	0	0	0	0	0	0	0	0	0	0	0	0	0	0	0	1	1	0	0	0	0	0	0	0	1	0	0	0	0	0	1	1	0	0	0	0	0	0	0	0	0	0	0	1	0	0	0	0	0	1	1	0	0	0	0	1	1	0	0	0	0	0	0	0	1	1	0	0	0	0	0	0	0	0	0	0	0	0	1	1	0	0	0	0	0	0	1	0	0	0	1	1	0	0	0	0	1	1	0	0	0	0	1	1	0	0	0	0	1	1	0	0	0	1	1	0	0	0	0	1	1	0	0	0	0	1	0	0	0
0	0	0	0	1	1	0	0	0	0	0	0	0	0	0	0	0	0	0	0	1	1	0	0	0	0	0	0	1	1	0	0	0	0	0	0	1	0	0	0	0	0	0	0	0	0	0	1	1	0	0	0	0	0	1	1	0	0	0	0	1	1	0	0	0	0	0	0	0	0	1	0	0	0	0	0	0	0	0	0	0	0	0	1	1	0	0	0	0	0	0	1	1	0	0	0	1	0	0	0	0	1	1	0	0	0	0	1	1	0	0	0	0	1	1	0	0	0	0	1	0	0	0	0	0	1	0	0	0	0	1	1	0	1	1	0
名前をテョといいます。
sil	n	a	m	a	e	o	ty	o	t	o	i	i	m	a	s	u	sil
0	0	0	1	1	0	0	0	0	1	1	0	1	0	0	0	0	0
0	0	0	0	0	0	1	0	0	1	1	0	0	1	1	0	0	0
0	1	1	0	0	0	0	1	1	0	0	1	0	0	0	0	0	0
0	0	0	0	0	0	1	0	0	1	1	0	0	0	0	1	1	0
ぴゅうぴゅう風が吹きこんでくる。
sil	py	u	u	py	u	u	k	a	z	e	g	a	f	u	k	i	k	o	N	d	e	k	u	r	u	sil
0	0	0	1	0	0	0	0	0	1	1	0	0	1	1	0	0	0	0	0	0	0	1	1	0	0	0
0	0	0	0	0	0	1	0	0	0	0	0	0	1	1	0	0	0	0	0	0	0	1	1	0	0	0
0	1	1	0	0	0	0	1	1	0	0	0	0	1	1	0	0	0	0	0	0	0	1	1	0	0	0
0	0	0	0	0	0	0	0	0	0	0	1	1	0	0	0	0	0	0	0	1	1	0	0	1	1	0
キェー。ギェー。イェーイ。
sil	ky	e	e	pau	gy	e	e	pau	y	e	e	i	sil
0	0	0	1	0	0	0	1	0	0	0	1	0	0
0	0	0	1	0	0	0	1	0	0	0	0	1	0
0	1	1	0	0	1	1	0	0	1	1	0	0	0
0	0	0	1	0	0	0	1	0	0	0	0	1	0
ひぇーん。びぇーん。ぴぇーん。
sil	hy	e	e	N	pau	by	e	e	N	pau	py	e	e	N	sil
0	0	0	1	0	0	0	0	1	0	0	0	0	1	0	0
0	0	0	0	1	0	0	0	0	1	0	0	0	0	1	0
0	1	1	0	0	0	1	1	0	0	0	1	1	0	0	0
0	0	0	0	1	0	0	0	0	1	0	0	0	0	1	0
プリミェー。ミェルン。ニェン。
sil	p	u	r	i	my	e	e	pau	my	e	r	u	N	pau	ny	e	N	sil
0	0	0	1	1	0	0	0	0	0	0	1	1	0	0	0	0	1	0
0	0	0	0	0	0	0	1	0	0	0	0	0	1	0	0	0	1	0
0	1	1	0	0	0	0	0	0	1	1	0	0	0	0	1	1	0	0
0	0	0	0	0	0	0	1	0	0	0	0	0	1	0	0	0	1	0
ステューデント。ダブルデュアル。
sil	s	u	ty	u	u	d	e	N	t	o	pau	d	a	b	u	r	u	dy	u	a	r	u	sil
0	0	0	1	1	0	0	0	0	0	0	0	0	0	1	1	0	0	0	0	0	0	0	0
0	0	0	0	0	0	0	0	0	1	1	0	0	0	0	0	0	0	1	1	0	0	0	0
0	1	1	0	0	0	0	0	0	0	0	0	1	1	0	0	0	0	0	0	0	0	0	0
0	0	0	0	0	0	0	0	0	1	1	0	0	0	0	0	0	0	0	0	0	1	1	0
エテュード。エデュケーショナル。サブスティテューション。
sil	e	ty	u	u	d	o	pau	e	dy	u	k	e	e	sh	o	n	a	r	u	pau	s	a	b	u	s	u	t	i	ty	u	u	sh	o	N	sil
0	0	1	1	0	0	0	0	0	1	1	0	0	0	0	0	0	0	0	0	0	0	0	1	1	0	0	0	0	0	0	0	0	0	0	0
0	0	0	0	0	1	1	0	0	0	0	0	0	0	0	0	0	0	1	1	0	0	0	0	0	0	0	0	0	0	0	0	0	0	1	0
0	1	0	0	0	0	0	0	1	0	0	0	0	0	0	0	0	0	0	0	0	1	1	0	0	0	0	0	0	0	0	0	0	0	0	0
0	0	0	0	0	1	1	0	0	0	0	0	0	0	0	0	0	0	1	1	0	0	0	0	0	0	0	0	0	0	0	0	0	0	1	0
ジャデャクシュ。
sil	j	a	dy	a	k	u	sh	u	sil
0	0	0	1	1	0	0	0	0	0
0	0	0	0	0	0	0	1	1	0
0	1	1	0	0	0	0	0	0	0
0	0	0	0	0	0	0	1	1	0
ブレンドデョート。
sil	b	u	r	e	N	d	o	dy	o	o	t	o	sil
0	0	0	1	1	0	0	0	0	0	0	0	0	0
0	0	0	0	0	0	0	0	0	0	0	1	1	0
0	1	1	0	0	0	0	0	0	0	0	0	0	0
0	0	0	0	0	0	0	0	0	0	0	1	1	0
イデュスルファーゼ。
sil	i	dy	u	s	u	r	u	f	a	a	z	e	sil
0	0	1	1	0	0	0	0	0	0	0	0	0	0
0	0	0	0	0	0	0	0	0	0	0	1	1	0
0	1	0	0	0	0	0	0	0	0	0	0	0	0
0	0	0	0	0	0	0	0	0	0	0	1	1	0
あっあの。
sil	a	cl	a	n	o	sil
0	0	1	0	0	0	0
0	0	1	0	0	0	0
0	1	0	0	0	0	0
0	0	0	0	1	1	0
いっいえ。
sil	i	cl	i	e	sil
0	0	1	0	0	0
0	0	1	0	0	0
0	1	0	0	0	0
0	0	0	0	1	0
えっえぇ。
sil	e	cl	e	e	sil
0	0	1	0	0	0
0	0	1	0	0	0
0	1	0	0	0	0
0	0	0	0	1	0
おっおい。
sil	o	cl	o	i	sil
0	0	1	0	0	0
0	0	1	0	0	0
0	1	0	0	0	0
0	0	0	0	1	0
んーとね。
sil	N	N	t	o	n	e	sil
0	1	0	0	0	0	0	0
0	1	0	0	0	0	0	0
0	1	0	0	0	0	0	0
0	0	0	0	0	1	1	0
アンツィオ。
sil	a	N	ts	i	o	sil
0	0	1	0	0	0	0
0	0	0	0	0	1	0
0	1	0	0	0	0	0
0	0	0	0	0	1	0
エンツォ。
sil	e	N	ts	o	sil
0	0	1	0	0	0
0	0	0	1	1	0
0	1	0	0	0	0
0	0	0	1	1	0
カートゥーン。
sil	k	a	a	t	u	u	N	sil
0	0	0	1	0	0	0	0	0
0	0	0	0	0	0	0	1	0
0	1	1	0	0	0	0	0	0
0	0	0	0	0	0	0	1	0
スィーディー。
sil	s	i	i	d	i	i	sil
0	0	0	1	0	0	0	0
0	0	0	0	0	0	1	0
0	1	1	0	0	0	0	0
0	0	0	0	0	0	1	0
ズィーブラ。
sil	z	i	i	b	u	r	a	sil
0	0	0	1	0	0	0	0	0
0	0	0	0	0	0	1	1	0
0	1	1	0	0	0	0	0	0
0	0	0	0	0	0	1	1	0
デピュティーガバナー。
sil	d	e	py	u	t	i	i	g	a	b	a	n	a	a	sil
0	0	0	1	1	0	0	0	0	0	0	0	0	0	0	0
0	0	0	0	0	0	0	0	0	0	0	0	0	0	1	0
0	1	1	0	0	0	0	0	0	0	0	0	0	0	0	0
0	0	0	0	0	0	0	0	0	0	0	0	0	0	1	0
エリュシオン。
sil	e	ry	u	sh	i	o	N	sil
0	0	1	1	0	0	0	0	0
0	0	0	0	0	0	0	1	0
0	1	0	0	0	0	0	0	0
0	0	0	0	0	0	0	1	0
ガリェント。
sil	g	a	ry	e	N	t	o	sil
0	0	0	1	1	0	0	0	0
0	0	0	0	0	0	1	1	0
0	1	1	0	0	0	0	0	0
0	0	0	0	0	0	1	1	0
ラーテャン。
sil	r	a	a	ty	a	N	sil
0	0	0	1	0	0	0	0
0	0	0	0	0	0	1	0
0	1	1	0	0	0	0	0
0	0	0	0	0	0	1	0
